6
13
5
8838
5
9
6
15
10
16
6
76
8
2
9
12
10
11
59
8
13
7
16
54
4
11
78
8
194
5
6
14
116
4
38
12
18
17
5
16
4
5
6
25
5
3
4
9
3
3
7
7
5
18
7
4
9
4
5
8
21
7
3
7
12
16
2
15
5
7
18
4
13
6
14
2
12
7
4
7
8
6
3
5
5
9
12
4
10
9
2
8
4
10
6
56
14
2
10
2
3
6
9
5
8
2
24
6
7
11
8
36
3
15
42
3
4
12
6
4
12
10
11
3
4
5
4
5
10
11
6
4
4
6
7
6
7
10
18
5
9
80
11
12
9
2
2
5
7
6
6
4
11
4
15
59
6
7
9
4
8
10
6
11
8
5
5
10
6
2
12
20
3
21
2
8
12
7
4
8
5
11
9
9
5
6
5
4
16
6
6
3
6
4
19
6
5
9
6
13
7
5
7
24
5
4
5
13
5
7
4
5
2
4
14
7
30
11
7
27
12
17
22
9
7
8
16
6
2
5
6
6
7
9
5
5
13
8
5
5
8
11
7
2
9
5
2
7
13
7
3
7
9
5
5
4
2
6
4
7
6
9
3
8
7
30
4
11
5
15
10
7
3
11
8
7
29
8
10
18
7
5
15
7
11
12
4
2
6
5
6
8
10
10
22
4
13
8
9
8
5
9
10
6
4
5
22
11
8
9
4
9
7
3
11
2
3
2
2
5
5
6
9
9
2
6
9
3
9
9
12
4
4
4
5
7
17
8
7
3
11
13
4
6
7
5
4
11
5
2
5
4
10
11
4
13
9
6
3
2
4
3
6
8
12
6
9
12
7
6
15
14
4
5
6
3
5
7
7
2
8
3
3
2
4
3
5
3
5
3
2
3
2
15
6
6
3
4
5
5
6
7
6
5
8
5
10
20
9
12
4
7
6
4
3
5
4
6
6
8
6
4
7
86
8
2
6
4
8
5
10
7
7
12
18
5
8
9
3
3
9
5
9
5
39
4
8
4
8
7
2
3
4
19
7
6
6
31
6
5
5
6
9
5
4
6
6
4
3
5
4
6
6
10
6
5
4
4
3
6
5
8
3
6
4
3
16
9
7
17
6
4
4
10
2
4
2
5
8
2
4
9
13
13
4
5
6
8
7
6
19
6
6
8
5
8
10
6
2
24
12
8
2
9
7
16
9
9
5
7
3
6
3
4
14
7
6
6
2
11
3
2
15
4
3
5
5
6
6
4
5
6
7
5
4
6
3
5
3
5
6
3
9
9
5
2
8
5
6
4
3
8
6
6
7
4
8
4
6
4
6
5
9
4
8
4
2
9
17
7
11
4
5
5
8
4
4
10
3
6
5
5
7
5
4
3
3
5
2
8
6
6
2
3
3
7
7
6
5
3
16
2
5
8
5
11
9
13
7
5
10
3
5
5
6
8
5
10
3
15
4
6
3
4
13
8
3
3
10
4
3
2
2
3
6
8
6
2
7
7
2
22
8
8
11
3
6
7
4
6
2
5
4
13
2
2
6
3
4
11
5
46
2
3
3
4
3
17
2
7
3
6
2
9
10
7
4
10
6
5
6
5
13
2
4
2
2
3
5
2
4
4
3
2
7
4
6
5
4
5
14
7
3
3
4
4
6
3
4
4
2
5
4
4
2
5
12
8
3
9
6
4
28
6
2
6
6
4
6
3
4
7
12
4
2
4
4
4
5
6
4
7
3
3
4
4
5
2
2
8
10
3
8
8
4
3
4
6
3
6
4
6
6
7
2
15
4
2
8
5
7
7
2
5
2
3
4
5
4
5
3
6
2
3
3
3
7
3
3
5
13
4
7
7
3
3
3
6
2
7
2
6
4
7
5
9
5
3
5
4
2
5
5
4
10
6
4
3
3
4
3
2
4
8
2
4
4
2
6
5
2
6
4
9
6
5
4
13
4
2
5
6
5
4
6
2
3
10
3
3
3
10
4
4
2
6
5
3
8
7
2
3
3
6
6
2
2
5
2
3
5
4
2
7
5
14
2
5
17
5
6
4
6
9
3
4
7
8
2
4
3
4
3
5
7
2
3
8
3
6
3
3
3
5
15
3
2
2
8
5
10
6
2
4
2
4
12
4
2
9
2
3
7
3
6
3
4
15
3
5
4
3
3
4
2
2
3
4
4
4
4
30
4
4
2
3
2
3
2
2
15
4
5
5
5
5
3
10
6
11
3
11
7
2
4
5
2
3
8
4
3
5
3
2
2
16
2
3
4
4
4
5
9
5
2
3
3
2
7
5
2
3
5
7
7
6
3
9
4
3
6
3
8
4
3
5
22
2
4
3
5
4
2
3
3
5
3
3
3
4
5
11
9
9
2
5
2
2
2
5
3
6
6
2
3
3
3
6
3
2
3
7
2
2
2
6
7
3
2
3
7
3
4
6
2
5
2
2
5
5
3
3
3
6
4
3
4
6
2
2
4
5
2
2
5
4
3
6
2
4
5
3
2
3
2
3
2
3
3
2
2
2
13
3
8
3
2
9
2
2
2
3
5
5
4
2
4
4
2
3
5
6
3
2
4
6
4
2
6
4
5
2
5
4
8
3
4
2
2
3
4
3
2
3
2
5
3
3
3
2
3
3
2
4
2
4
2
2
2
2
4
3
2
2
