14
7
5
5
2
3
2
6
31
4
5
5
2
6
12
3
8
4
6
2
37
5
2
5
4
2
4
11
7
4
14
2
7
5
4
9
6
3
2
9
2
4
4
5
22
4
2
2
2
4
6
6
2
4
2
2
4
3
3
2
18
4
2
7
2
3
2
2
5
2
4
8
3
6
7
12
3
2
7
3
13
3
2
2
4
6
3
2
10
2
3
3
3
2
6
5
4
19
7
5
2
15
2
16
20
2
23
5
6
2
6
5
2
3
2
9
2
2
4
2
8
7
2
3
8
2
9
5
11
5
2
4
4
20
2
2
2
8
4
3
5
5
6
3
8
12
6
13
9
4
3
3
3
4
24
5
4
2
2
3
2
8
13
3
2
9
3
4
2
2
2
3
2
3
2
5
3
8
2
2
13
3
4
6
3
9
4
4
5
3
2
3
8
4
2
6
4
2
2
2
8
6
9
2
2
2
5
5
3
2
5
3
3
8
2
3
4
2
3
4
2
4
2
3
2
6
4
4
2
6
3
9
5
3
3
2
4
4
9
2
3
2
3
3
2
8
7
3
11
4
2
2
2
2
5
2
9
5
2
2
3
13
6
5
6
2
2
4
2
2
8
3
10
4
4
2
4
2
6
3
4
2
3
3
2
7
3
3
2
4
2
3
3
2
2
2
5
3
2
2
3
2
2
2
2
4
2
6
2
10
2
5
2
3
7
2
2
2
5
2
6
2
3
4
3
2
5
6
2
10
2
4
4
2
8
6
2
3
4
8
4
11
3
2
2
3
4
2
3
2
3
3
2
2
6
5
3
4
9
2
7
3
2
3
2
2
12
2
4
2
2
2
2
2
4
3
3
4
3
2
4
4
2
2
2
4
5
2
3
2
3
6
4
2
2
4
4
2
6
7
2
5
2
5
2
3
4
5
3
3
4
2
2
3
7
2
2
7
2
2
2
4
2
2
2
2
3
6
2
2
3
3
7
6
3
4
6
2
2
7
2
2
2
2
2
3
2
3
3
3
2
3
3
5
4
3
5
2
2
2
3
9
4
2
5
2
3
4
4
2
2
4
2
2
7
4
3
4
2
6
6
3
6
2
3
2
2
4
2
3
8
2
4
2
4
2
8
4
3
3
6
4
2
3
2
2
5
6
3
3
2
3
2
2
5
2
4
3
4
4
2
5
5
2
2
3
5
2
2
2
2
2
2
2
4
5
5
2
4
5
2
3
3
4
4
3
2
2
2
2
2
2
2
4
3
2
6
3
3
2
3
3
6
4
2
2
3
3
2
2
2
4
5
5
2
5
3
3
2
3
2
3
3
4
7
2
4
3
3
5
6
2
2
2
2
2
2
3
2
4
3
3
2
3
2
2
4
2
2
5
3
3
4
5
3
8
3
2
2
2
3
3
2
3
5
3
4
2
3
2
4
2
2
4
2
4
4
6
3
3
2
2
3
2
3
3
3
2
4
3
2
2
3
2
2
4
3
4
2
2
2
2
2
6
2
2
2
2
4
2
2
2
2
2
2
2
2
2
2
2
2
2
3
2
2
2
3
2
2
6
2
2
3
2
5
7
2
3
2
6
2
2
2
2
2
3
2
2
2
2
2
2
2
2
2
2
2
3
2
3
2
2
2
2
2
2
2
2
