2006062300
2006062301
2006062302
2006062303
2006062304
2006062305
2006062306
2006062307
2006062308
2006062309
2006062310
2006062311
2006062312
2006062313
2006062314
2006062315
2006062316
2006062317
2006062318
2006062319
2006062320
2006062321
2006062322
2006063000
2006063001
2006063002
2006063003
2006063004
2006063005
2006063006
2006063007
2006063008
2006063009
2006063010
2006063011
2006063012
2006063013
2006063014
2006063015
2006063016
2006063017
2006063018
2006063019
2006070700
2006070701
2006070702
2006070703
2006070704
2006070705
2006070706
2006070707
2006070708
2006070709
2006070710
2006070711
2006070712
2006070714
2006070715
2006070716
2006070717
2006070718
2006070719
2006070720
2006071400
2006071401
2006071402
2006071403
2006071404
2006071405
2006071406
2006071407
2006071408
2006071409
2006071410
2006071411
2006071412
2006071413
2006071414
2006071415
2006071416
2006072100
2006072101
2006072102
2006072103
2006072104
2006072105
2006072106
2006072107
2006072108
2006072109
2006072110
2006072111
2006072112
2006072113
2006072800
2006072801
2006072802
2006072803
2006072804
2006072805
2006072806
2006072807
2006072808
2006072809
2006072810
2006072811
2006072812
2006072813
2006072814
2006080400
2006080401
2006080402
2006080403
2006080404
2006080405
2006080406
2006080407
2006080408
2006080409
2006080410
2006080411
2006080412
2006080413
2006080414
2006080415
2006081100
2006081101
2006081102
2006081103
2006081104
2006081105
2006081106
2006081107
2006081108
2006081109
2006081110
2006081111
2006081112
2006081113
2006081114
2006081800
2006081801
2006081802
2006081803
2006081804
2006081805
2006081806
2006081807
2006081808
2006081809
2006081810
2006081811
2006081812
2006081813
2006081814
2006081815
2006082500
2006082501
2006082502
2006082503
2006082504
2006082505
2006082506
2006082507
2006082508
2006082509
2006082510
2006082511
2006082512
2006082513
2006082514
2006090139
2006090140
2006090141
2006090142
2006090143
2006090144
2006090145
2006090146
2006090147
2006090148
2006090149
2006090150
2006090151
2006090152
2006090153
2006090154
2006090800
2006090801
2006090802
2006090803
2006090804
2006090805
2006090806
2006090808
2006090809
2006090810
2006090811
2006090812
2006091541
2006091542
2006091543
2006091544
2006091545
2006091546
2006091547
2006091548
2006091549
2006091550
2006091551
2006091552
2006091553
2006091554
2006091555
2006091556
2006091557
2006092200
2006092201
2006092202
2006092203
2006092204
2006092205
2006092206
2006092207
2006092208
2006092209
2006092210
2006092211
2006092212
2006092213
2006092214
2006092215
2006092216
2006092900
2006092901
2006092902
2006092903
2006092904
2006092905
2006092906
2006092907
2006092908
2006092909
2006092911
2006092912
2006092913
2006092914
2006092915
2006092916
2006092917
2006100600
2006100601
2006100602
2006100603
2006100604
2006100605
2006100606
2006100607
2006100608
2006100609
2006100610
2006100611
2006100612
2006100613
2006100614
2006100615
2006100616
2006100617
2006100618
2006100619
2006100620
2006100622
2006101300
2006101301
2006101302
2006101303
2006101305
2006101306
2006101308
2006101309
2006101310
2006101311
2006101312
2006101313
2006101314
2006101315
2006101316
2006101318
2006101319
2006101320
2006101321
2006101322
2006101323
2006102000
2006102001
2006102002
2006102004
2006102005
2006102006
2006102007
2006102008
2006102009
2006102010
2006102011
2006102012
2006102013
2006102014
2006102015
2006102016
2006102017
2006102018
2006102019
2006102020
2006102021
2006102022
2006102023
2006102700
2006102702
2006102703
2006102704
2006102705
2006102706
2006102707
2006102708
2006110300
2006110301
2006110302
2006110303
2006110304
2006110305
2006110306
2006110307
2006110308
2006111000
2006111001
2006111002
2006111003
2006111004
2006111005
2006111006
2006111007
2006111008
2006111700
2006111701
2006111702
2006111703
2006111704
2006111705
2006111706
2006111707
2006111708
2006111709
2006111710
2006112400
2006112401
2006112402
2006112403
2006112404
2006112405
2006112406
2006112407
2006120136
2006120137
2006120138
2006120140
2006120141
2006120142
2006120143
2006120144
2006120145
2006120146
2006120147
2006120148
2006120149
2006120150
2006120151
2006120152
2006120153
2006120154
2006120155
2006120156
2006120157
2006120158
2006120159
2006120160
2006120161
2006120162
2006120801
2006120802
2006120803
2006120804
2006120805
2006120806
2006120807
2006120808
2006120809
2006120810
2006120811
2006120812
2006120813
2006120814
2006120815
2006120816
2006120817
2006120818
2006120819
2006120820
2006120821
2006121534
2006121535
2006121536
2006121537
2006121538
2006121539
2006121540
2006121541
2006121542
2006121543
2006121544
2006121545
2006121546
2006121547
2006121548
2006121549
2006121550
2006121551
2006121552
2006121553
2006121554
2006121555
2007010500
2007010501
2007010502
2007010503
2007010504
2007010505
2007010506
2007010507
2007010508
2007010509
2007010510
2007010511
2007010512
2007010513
2007010514
2007010515
2007010516
2007010517
2007010518
2007010519
2007010521
2007011200
2007011201
2007011202
2007011203
2007011204
2007011206
2007011207
2007011208
2007011209
2007011210
2007011211
2007011212
2007011213
2007011214
2007011215
2007011216
2007011217
2007011218
2007011900
2007011901
2007011902
2007011903
2007011904
2007011905
2007011906
2007011908
2007011909
2007011910
2007011911
2007011912
2007011913
2007011914
2007011915
2007011916
2007011917
2007011918
2007011919
2007011920
2007011921
2007011922
2007011923
2007011924
2007011925
2007011926
2007011927
2007011928
2007011929
2007011930
2007012600
2007012601
2007012603
2007012604
2007012605
2007012606
2007012607
2007012608
2007012609
2007012610
2007012611
2007012612
2007012613
2007012614
2007012615
2007012616
2007012617
2007012618
2007012619
2007012620
2007012621
2007012622
2007012623
2007012624
2007012625
2007012626
2007020200
2007020201
2007020202
2007020203
2007020204
2007020205
2007020206
2007020207
2007020208
2007020209
2007020210
2007020211
2007020212
2007020213
2007020214
2007020215
2007020216
2007020217
2007020218
2007020219
2007020220
2007020221
2007020222
2007020223
2007020224
2007020225
2007020226
2007020227
2007020900
2007020901
2007020902
2007020903
2007020904
2007020905
2007020906
2007020907
2007020908
2007020909
2007020910
2007020911
2007020912
2007020913
2007020914
2007020915
2007020916
2007020917
2007020918
2007020919
2007020920
2007020921
2007020922
2007020923
2007020924
2007020925
2007021600
2007021601
2007021602
2007021603
2007021604
2007021605
2007021606
2007021607
2007021608
2007021609
2007021610
2007021611
2007021612
2007021613
2007021614
2007021615
2007021616
2007021617
2007021618
2007021619
2007021620
2007021621
2007021622
2007021623
2007021624
2007021625
2007021626
2007021627
2007022300
2007022301
2007022302
2007022303
2007022305
2007022306
2007022307
2007022308
2007022309
2007022310
2007022311
2007022312
2007022313
2007022314
2007022315
2007022316
2007022317
2007022318
2007022319
2007022320
2007022321
2007022322
2007022323
2007022324
2007022325
2007022326
2007030200
2007030201
2007030202
2007030203
2007030204
2007030205
2007030206
2007030207
2007030208
2007030209
2007030210
2007030211
2007030212
2007030213
2007030214
2007030215
2007030216
2007030217
2007030218
2007030219
2007030220
2007030221
2007030222
2007030223
2007030900
2007030901
2007030902
2007030903
2007030904
2007030905
2007030906
2007030907
2007030908
2007030909
2007030910
2007030911
2007030912
2007030913
2007030914
2007030916
2007030917
2007030918
2007030919
2007030920
2007030921
2007030922
2007030923
2007030924
2007031600
2007031601
2007031602
2007031603
2007031604
2007031605
2007031606
2007031607
2007031608
2007031609
2007031610
2007031611
2007031612
2007031614
2007031615
2007031616
2007031617
2007031618
2007031619
2007031620
2007031621
2007031622
2007031623
2007032300
2007032301
2007032302
2007032303
2007032304
2007032305
2007032306
2007032307
2007032308
2007032309
2007032310
2007032311
2007032312
2007032313
2007032314
2007032315
2007032316
2007032317
2007032318
2007032319
2007032320
2007032321
2007032322
2007033000
2007033001
2007033002
2007033003
2007033004
2007033005
2007033006
2007033007
2007033008
2007033009
2007033010
2007033011
2007033012
2007033013
2007033014
2007033015
2007033016
2007033017
2007033018
2007033020
2007033021
2007033022
2007033023
2007033024
2007033025
2007040600
2007040601
2007040602
2007040603
2007040604
2007040605
2007040606
2007040607
2007040608
2007040609
2007040610
2007040611
2007040612
2007040613
2007040614
2007040615
2007040617
2007040618
2007040619
2007040620
2007040621
2007041301
2007041302
2007041303
2007041304
2007041305
2007041306
2007041307
2007041308
2007041309
2007041310
2007041311
2007041312
2007041313
2007041314
2007041315
2007041316
2007041317
2007041318
2007041319
2007041320
2007041321
2007041322
2007041323
2007042000
2007042001
2007042003
2007042004
2007042005
2007042006
2007042007
2007042008
2007042009
2007042010
2007042011
2007042012
2007042013
2007042014
2007042015
2007042016
2007042017
2007042018
2007042019
2007042020
2007042021
2007042022
2007042023
2007042024
2007042700
2007042702
2007042703
2007042704
2007042705
2007042706
2007042707
2007042708
2007042709
2007042710
2007042711
2007042712
2007042714
2007042715
2007042716
2007042717
2007042718
2007042719
2007042720
2007042721
2007042722
2007042723
2007042724
2007050400
2007050401
2007050402
2007050403
2007050404
2007050405
2007050406
2007050407
2007050408
2007050409
2007050410
2007050411
2007050412
2007050413
2007050414
2007050415
2007050416
2007050417
2007050418
2007050419
2007050420
2007050421
2007050422
2007050423
2007050424
2007051100
2007051101
2007051102
2007051103
2007051104
2007051105
2007051107
2007051108
2007051109
2007051110
2007051111
2007051112
2007051113
2007051114
2007051115
2007051116
2007051117
2007051118
2007051119
2007051120
2007051121
2007051122
2007051801
2007051802
2007051803
2007051804
2007051805
2007051806
2007051807
2007051809
2007051810
2007051811
2007051812
2007051813
2007051814
2007051815
2007051816
2007051817
2007051818
2007051819
2007051820
2007051821
2007051822
2007051823
2007052500
2007052502
2007052503
2007052504
2007052506
2007052507
2007052508
2007052509
2007052510
2007052511
2007052512
2007052513
2007052514
2007052515
2007052516
2007052517
2007052518
2007052519
2007052520
2007052521
2007052522
2007060133
2007060134
2007060135
2007060136
2007060137
2007060138
2007060139
2007060140
2007060141
2007060142
2007060143
2007060144
2007060145
2007060146
2007060147
2007060148
2007060149
2007060150
2007060151
2007060152
2007060153
2007060154
2007060155
2007060156
2007060800
2007060802
2007060803
2007060804
2007060805
2007060806
2007060807
2007060808
2007060809
2007060810
2007060811
2007060812
2007060813
2007060814
2007060815
2007060816
2007060817
2007060818
2007060819
2007060820
2007060821
2007060822
2007061538
2007061539
2007061540
2007061541
2007061542
2007061544
2007061545
2007061546
2007061547
2007061548
2007061549
2007061550
2007061551
2007061552
2007061554
2007061555
2007061556
2007061557
2007061558
2007061559
2007062200
2007062201
2007062202
2007062203
2007062204
2007062205
2007062206
2007062207
2007062208
2007062209
2007062210
2007062211
2007062212
2007062213
2007062214
2007062215
2007062900
2007062901
2007062902
2007062903
2007062904
2007062905
2007062906
2007062907
2007062908
2007062909
2007062910
2007062911
2007062912
2007062915
2007070601
2007070602
2007070603
2007070604
2007070605
2007070606
2007070607
2007070608
2007070609
2007070610
2007070611
2007070612
2007070613
2007070614
2007071300
2007071301
2007071302
2007071303
2007071304
2007071305
2007071306
2007071307
2007071308
2007071309
2007071310
2007071311
2007071312
2007071313
2007071314
2007071315
2007072000
2007072001
2007072002
2007072003
2007072004
2007072005
2007072006
2007072007
2007072008
2007072009
2007072010
2007072011
2007072012
2007072014
2007072700
2007072701
2007072702
2007072703
2007072704
2007072705
2007072706
2007072707
2007072708
2007072709
2007072711
2007072712
2007072713
2007072714
2007072715
2007072716
2007072717
2007080301
2007080302
2007080303
2007080304
2007080305
2007080306
2007080307
2007080308
2007080309
2007080310
2007080311
2007080312
2007080313
2007080314
2007080315
2007080316
2007080317
2007080318
2007080319
2007080320
2007081000
2007081001
2007081002
2007081003
2007081004
2007081005
2007081006
2007081007
2007081008
2007081009
2007081010
2007081011
2007081012
2007081013
2007081014
2007081015
2007081016
2007081017
2007081018
2007081019
2007081020
2007081021
2007081700
2007081701
2007081702
2007081703
2007081704
2007081705
2007081706
2007081707
2007081708
2007081709
2007081710
2007081711
2007081712
2007081713
2007081714
2007081715
2007081716
2007081717
2007081718
2007081719
2007081720
2007082400
2007082401
2007082402
2007082403
2007082404
2007082405
2007082407
2007082408
2007082409
2007082410
2007082411
2007082412
2007082413
2007082414
2007082415
2007082416
2007082417
2007082418
2007082419
2007082420
2007083100
2007083101
2007083102
2007083103
2007083104
2007083105
2007083106
2007083107
2007083108
2007083109
2007083110
2007083111
2007083112
2007083113
2007083114
2007083115
2007083116
2007083117
2007083118
2007083120
2007083121
2007090700
2007090701
2007090702
2007090703
2007090704
2007090705
2007090706
2007090707
2007090708
2007090709
2007090710
2007090711
2007090712
2007090714
2007090715
2007090716
2007090717
2007090718
2007090719
2007090720
2007090721
2007091400
2007091401
2007091402
2007091403
2007091405
2007091406
2007091407
2007091408
2007091409
2007091410
2007091411
2007091412
2007091413
2007091414
2007091415
2007091416
2007091417
2007091418
2007091419
2007091421
2007092100
2007092101
2007092102
2007092103
2007092104
2007092105
2007092106
2007092107
2007092108
2007092109
2007092110
2007092111
2007092112
2007092113
2007092114
2007092115
2007092116
2007092117
2007092118
2007092119
2007092800
2007092801
2007092802
2007092803
2007092804
2007092805
2007092806
2007092807
2007092808
2007092809
2007092810
2007092811
2007092812
2007092813
2007092814
2007092815
2007092816
2007092817
2007092818
2007092819
2007092820
2007092821
2007100500
2007100501
2007100502
2007100503
2007100504
2007100505
2007100506
2007100507
2007100508
2007100509
2007100510
2007100511
2007100512
2007100513
2007100514
2007100515
2007101200
2007101201
2007101202
2007101203
2007101204
2007101205
2007101206
2007101207
2007101208
2007101209
2007101210
2007101211
2007101212
2007101213
2007101215
2007101216
2007101217
2007101900
2007101901
2007101902
2007101903
2007101904
2007101905
2007101906
2007101907
2007101908
2007101909
2007101910
2007101911
2007101912
2007101913
2007101914
2007101915
2007101916
2007101917
2007101918
2007101919
2007101920
2007101921
2007102600
2007102601
2007102602
2007102603
2007102604
2007102605
2007102606
2007102607
2007102608
2007102609
2007102610
2007102611
2007102612
2007102613
2007102614
2007102615
2007102616
2007102617
2007102618
2007102619
2007102620
2007102621
2007102622
2007102623
2007110201
2007110202
2007110203
2007110204
2007110205
2007110206
2007110207
2007110208
2007110209
2007110210
2007110211
2007110213
2007110214
2007110215
2007110216
2007110218
2007110219
2007110220
2007110221
2007110900
2007110901
2007110902
2007110904
2007110905
2007110906
2007110907
2007110908
2007110909
2007110910
2007110911
2007110912
2007110913
2007110914
2007110915
2007110916
2007110917
2007110918
2007110919
2007110920
2007111600
2007111601
2007111602
2007111603
2007111604
2007111605
2007111606
2007111607
2007111608
2007111609
2007111610
2007111611
2007111612
2007111613
2007111615
2007111616
2007111617
2007111618
2007111619
2007111620
2007112300
2007112301
2007112302
2007112303
2007112304
2007112305
2007112306
2007112307
2007112308
2007112309
2007112310
2007112311
2007112312
2007112313
2007112314
2007112315
2007112316
2007112317
2007112318
2007112319
2007112320
2007112321
2007113001
2007113002
2007113003
2007113004
2007113005
2007113006
2007113007
2007113008
2007113009
2007113010
2007113011
2007113012
2007113013
2007113014
2007113015
2007113016
2007113017
2007113018
2007120700
2007120701
2007120702
2007120703
2007120704
2007120705
2007120706
2007120707
2007120708
2007120709
2007120710
2007120711
2007120712
2007120713
2007120714
2007120715
2007120716
2007120717
2007120718
2007120719
2007120720
2007120721
2007120722
2007120723
2007121400
2007121401
2007121402
2007121403
2007121404
2007121405
2007121406
2007121407
2007121408
2007121409
2007121410
2007121411
2007121412
2007121413
2007121414
2007121415
2007121416
2007121417
2007121418
2008010400
2008010401
2008010402
2008010403
2008010404
2008010405
2008010406
2008010407
2008010408
2008010409
2008010410
2008010411
2008010412
2008010413
2008010414
2008010415
2008010416
2008010417
2008010418
2008010419
2008010421
2008010422
2008010423
2008010424
2008011100
2008011101
2008011102
2008011103
2008011104
2008011105
2008011106
2008011107
2008011108
2008011109
2008011110
2008011111
2008011112
2008011113
2008011114
2008011115
2008011116
2008011117
2008011118
2008011119
2008011120
2008011800
2008011801
2008011802
2008011803
2008011804
2008011805
2008011806
2008011807
2008011808
2008011809
2008011810
2008011811
2008011812
2008011813
2008011814
2008011815
2008011816
2008011817
2008011818
2008011819
2008011820
2008011821
2008011823
2008012500
2008012501
2008012502
2008012503
2008012504
2008012505
2008012506
2008012507
2008012508
2008012509
2008012510
2008012511
2008012512
2008012513
2008012514
2008012515
2008012516
2008012517
2008012518
2008012519
2008012520
2008012521
2008012522
2008012523
2008020134
2008020135
2008020136
2008020137
2008020138
2008020139
2008020140
2008020141
2008020142
2008020143
2008020144
2008020145
2008020146
2008020147
2008020148
2008020149
2008020150
2008020151
2008020152
2008020153
2008020154
2008020155
2008020156
2008020157
2008020158
2008020800
2008020801
2008020802
2008020803
2008020804
2008020805
2008020806
2008020807
2008020808
2008020809
2008020810
2008020811
2008020812
2008020813
2008020814
2008020815
2008020816
2008020817
2008020818
2008020819
2008020820
2008020821
2008020822
2008020823
2008020824
2008021538
2008021539
2008021540
2008021541
2008021542
2008021543
2008021544
2008021545
2008021546
2008021547
2008021548
2008021549
2008021550
2008021551
2008021552
2008021553
2008021554
2008021555
2008021556
2008021557
2008021558
2008021559
2008021560
2008021561
2008021562
2008022200
2008022201
2008022202
2008022203
2008022204
2008022205
2008022206
2008022207
2008022208
2008022209
2008022210
2008022211
2008022212
2008022213
2008022214
2008022215
2008022216
2008022217
2008022219
2008022220
2008022221
2008022222
2008022223
2008022900
2008022901
2008022902
2008022903
2008022904
2008022906
2008022907
2008022908
2008022909
2008022910
2008022911
2008022912
2008022913
2008022914
2008022915
2008022916
2008022917
2008022918
2008022920
2008022921
2008022922
2008030700
2008030702
2008030703
2008030704
2008030705
2008030706
2008030707
2008030708
2008030709
2008030710
2008030711
2008030712
2008030713
2008030714
2008030715
2008030717
2008030718
2008030719
2008030720
2008030721
2008030722
2008031400
2008031401
2008031402
2008031403
2008031404
2008031405
2008031406
2008031407
2008031408
2008031409
2008031410
2008031411
2008031412
2008031414
2008031415
2008031416
2008031417
2008031418
2008031419
2008031421
2008031422
2008032100
2008032101
2008032102
2008032103
2008032105
2008032106
2008032107
2008032108
2008032109
2008032110
2008032111
2008032112
2008032113
2008032114
2008032115
2008032116
2008032118
2008032119
2008032120
2008032121
2008032122
2008032123
2008032800
2008032801
2008032802
2008032803
2008032804
2008032805
2008032807
2008032808
2008032809
2008032810
2008032811
2008032812
2008032813
2008032814
2008032815
2008032816
2008032817
2008032818
2008032819
2008032820
2008032821
2008032822
2008032823
2008032824
2008032825
2008032826
2008032827
2008032828
2008032829
2008032830
2008032831
2008032832
2008040400
2008040401
2008040402
2008040403
2008040404
2008040405
2008040406
2008040407
2008040408
2008040409
2008040410
2008040411
2008040412
2008040413
2008040415
2008040416
2008040417
2008040418
2008040419
2008040420
2008040421
2008040422
2008040423
2008041100
2008041101
2008041102
2008041103
2008041104
2008041105
2008041106
2008041107
2008041108
2008041109
2008041110
2008041111
2008041112
2008041113
2008041114
2008041115
2008041116
2008041117
2008041118
2008041119
2008041120
2008041121
2008041800
2008041801
2008041802
2008041803
2008041804
2008041805
2008041806
2008041807
2008041808
2008041809
2008041810
2008041811
2008041812
2008041813
2008041814
2008041815
2008041816
2008041817
2008041818
2008041819
2008041820
2008041821
2008041822
2008041823
2008042500
2008042501
2008042502
2008042504
2008042505
2008042506
2008042507
2008042508
2008042509
2008042510
2008042511
2008042512
2008042515
2008050200
2008050201
2008050202
2008050203
2008050204
2008050205
2008050207
2008050208
2008050209
2008050210
2008050211
2008050212
2008050213
2008050214
2008050215
2008050216
2008050217
2008050218
2008050219
2008050220
2008050221
2008050901
2008050902
2008050903
2008050904
2008050905
2008050906
2008050907
2008050908
2008050909
2008050910
2008050911
2008050912
2008050913
2008050914
2008050915
2008051600
2008051601
2008051602
2008051603
2008051604
2008051605
2008051606
2008051607
2008051608
2008051609
2008051610
2008051611
2008051612
2008051613
2008051614
2008051615
2008051616
2008052300
2008052301
2008052302
2008052303
2008052304
2008052305
2008052306
2008052307
2008052308
2008052309
2008052310
2008052311
2008052312
2008052313
2008052314
2008052315
2008052900
2008052901
2008052902
2008052904
2008052905
2008052906
2008052907
2008052908
2008052909
2008052910
2008052911
2008052912
2008052913
2008052914
2008060600
2008060601
2008060602
2008060603
2008060604
2008060605
2008060606
2008060607
2008060608
2008060609
2008060610
2008060611
2008060612
2008060613
2008060614
2008060615
2008060616
2008060617
2008060618
2008060619
2008060620
2008061300
2008061301
2008061302
2008061303
2008061304
2008061305
2008061306
2008061307
2008061308
2008061309
2008061310
2008061311
2008061312
2008061313
2008061314
2008061315
2008061316
2008061317
2008061318
2008061319
2008061320
2008062000
2008062001
2008062002
2008062003
2008062004
2008062005
2008062006
2008062007
2008062008
2008062009
2008062010
2008062012
2008062013
2008062700
2008062701
2008062702
2008062703
2008062704
2008062705
2008062706
2008062707
2008062708
2008062709
2008062710
2008062711
2008062712
2008062713
2008062714
2008062715
2008062716
2008062717
2008062718
2008062719
2008062720
2008070400
2008070401
2008070402
2008070403
2008070404
2008070405
2008070406
2008070407
2008070408
2008070410
2008070411
2008070412
2008070413
2008071100
2008071102
2008071103
2008071104
2008071105
2008071106
2008071107
2008071108
2008071109
2008071110
2008071111
2008071112
2008071800
2008071801
2008071802
2008071804
2008071805
2008071806
2008071807
2008071808
2008071809
2008071811
2008071812
2008071813
2008072500
2008072501
2008072502
2008072503
2008072505
2008072506
2008072507
2008072508
2008072509
2008072511
2008072512
2008072513
2008072514
2008072515
2008080147
2008080148
2008080149
2008080150
2008080151
2008080152
2008080153
2008080154
2008080155
2008080156
2008080157
2008080158
2008080159
2008080160
2008080161
2008080162
2008080163
2008080164
2008080165
2008080166
2008080167
2008082900
2008082901
2008082902
2008082903
2008082904
2008082905
2008082906
2008082907
2008082908
2008082909
2008082910
2008082911
2008082912
2008082913
2008082914
2008082915
2008082916
2008082917
2008082918
2008082919
2008082920
2008082921
2008090500
2008090501
2008090502
2008090503
2008090504
2008090505
2008090506
2008090507
2008090508
2008090509
2008090510
2008090511
2008090512
2008090513
2008090514
2008090515
2008090516
2008090517
2008090518
2008090519
2008090520
2008090521
2008090522
2008090523
2008091200
2008091201
2008091202
2008091203
2008091204
2008091205
2008091206
2008091207
2008091209
2008091211
2008091212
2008091213
2008091214
2008091215
2008091216
2008091217
2008091218
2008091219
2008091220
2008091900
2008091901
2008091902
2008091903
2008091904
2008091905
2008091906
2008091907
2008091908
2008091909
2008091910
2008091911
2008091912
2008091913
2008091914
2008091915
2008091916
2008091917
2008091918
2008091919
2008091921
2008091922
2008091923
2008092600
2008092601
2008092602
2008092603
2008092604
2008092605
2008092606
2008092607
2008092608
2008092609
2008092610
2008092611
2008092612
2008092613
2008092614
2008092615
2008092616
2008092617
2008092618
2008092619
2008092620
2008100300
2008100301
2008100302
2008100303
2008100305
2008100306
2008100307
2008100308
2008100309
2008100310
2008100311
2008100313
2008100314
2008100315
2008100316
2008100317
2008100318
2008100319
2008100320
2008100321
2008100322
2008101000
2008101001
2008101002
2008101003
2008101004
2008101005
2008101006
2008101007
2008101008
2008101009
2008101010
2008101011
2008101012
2008101013
2008101014
2008101015
2008101016
2008101017
2008101018
2008101019
2008101020
2008101700
2008101701
2008101702
2008101703
2008101704
2008101705
2008101706
2008101707
2008101708
2008101709
2008101710
2008101711
2008101712
2008101713
2008101714
2008101715
2008101716
2008101717
2008101718
2008101719
2008101720
2008101721
2008101722
2008102400
2008102401
2008102402
2008102403
2008102404
2008102405
2008102406
2008102407
2008102408
2008102409
2008102410
2008102411
2008102412
2008102414
2008102415
2008103100
2008103101
2008103102
2008103103
2008103104
2008103105
2008103106
2008103107
2008103108
2008103109
2008103110
2008103111
2008103112
2008103114
2008103115
2008103116
2008103117
2008103118
2008103119
2008103120
2008110700
2008110701
2008110702
2008110703
2008110704
2008110705
2008110706
2008110707
2008110708
2008110709
2008110710
2008110711
2008110712
2008110713
2008111400
2008111401
2008111402
2008111403
2008111404
2008111405
2008111407
2008111408
2008111409
2008111410
2008111411
2008111412
2008111413
2008111414
2008111415
2008111416
2008111417
2008111418
2008111419
2008111420
2008111421
2008112100
2008112101
2008112102
2008112103
2008112104
2008112105
2008112106
2008112107
2008112108
2008112109
2008112110
2008112111
2008112112
2008112113
2008112114
2008112800
2008112801
2008112802
2008112803
2008112804
2008112805
2008112806
2008112807
2008112808
2008112809
2008112810
2008112811
2008112812
2008112813
2008112814
2008112815
2008112816
2008112817
2008112819
2008112820
2008120501
2008120502
2008120503
2008120504
2008120505
2008120506
2008120507
2008120508
2008120509
2008120510
2008120511
2008120512
2008120513
2008120514
2008120515
2008120516
2008120517
2008120518
2008120519
2008120520
2008121200
2008121201
2008121202
2008121203
2008121204
2008121205
2008121206
2008121207
2008121208
2008121209
2008121900
2008121901
2008121902
2008121904
2008121905
2008121906
2008121907
2008122600
2008122601
2008122602
2008122603
2008122604
2008122605
2008122606
2008122607
2008122608
2008122609
2008122610
2008122611
2008122612
2008122613
2008122614
2008122615
2008122617
2008123100
2008123101
2008123102
2008123103
2008123104
2008123105
2008123106
2008123107
2008123108
2008123109
2008123110
2008123111
2008123113
2008123114
2008123115
2008123116
2008123117
2008123118
2008123119
2008123120
2008123121
2008123122
2008123123
2008123124
2008123125
2008123126
2009010900
2009010901
2009010902
2009010903
2009010904
2009010905
2009010907
2009010908
2009010909
2009010910
2009010911
2009010912
2009010913
2009010914
2009010915
2009010916
2009010917
2009010918
2009010919
2009010920
2009010921
2009010922
2009010923
2009011600
2009011601
2009011602
2009011603
2009011604
2009011605
2009011606
2009011607
2009011610
2009011611
2009011612
2009011613
2009011614
2009011615
2009011616
2009011617
2009011618
2009011619
2009011620
2009011621
2009011622
2009011623
2009012300
2009012301
2009012302
2009012303
2009012304
2009012305
2009012306
2009012307
2009012308
2009012309
2009012310
2009012311
2009012312
2009012313
2009012314
2009012315
2009012316
2009012318
2009012319
2009012320
2009012321
2009013000
2009013001
2009013002
2009013003
2009013004
2009013005
2009013006
2009013007
2009013009
2009013010
2009013011
2009013012
2009013013
2009013014
2009013015
2009013016
2009013017
2009013018
2009013019
2009013020
2009013021
2009013022
2009020600
2009020601
2009020602
2009020603
2009020604
2009020605
2009020606
2009020607
2009020608
2009020609
2009020610
2009020611
2009020612
2009020613
2009020614
2009020615
2009020616
2009020617
2009020618
2009020619
2009020620
2009020621
2009020622
2009020623
2009021300
2009021302
2009021304
2009021306
2009021307
2009021308
2009021309
2009021310
2009021311
2009021312
2009021313
2009021314
2009021315
2009021316
2009022000
2009022001
2009022002
2009022003
2009022004
2009022005
2009022006
2009022007
2009022008
2009022010
2009022011
2009022012
2009022013
2009022014
2009022015
2009022016
2009022700
2009022701
2009022702
2009022703
2009022704
2009022705
2009022706
2009022707
2009022708
2009022709
2009022711
2009022712
2009022713
2009022714
2009022715
2009022716
2009022717
2009022718
2009022719
2009022720
2009022721
2009030600
2009030601
2009030602
2009030603
2009030604
2009030605
2009030606
2009030607
2009030608
2009030609
2009030610
2009030611
2009030612
2009030613
2009030614
2009030615
2009030616
2009030617
2009030618
2009030619
2009031300
2009031301
2009031302
2009031304
2009031305
2009031306
2009031307
2009031308
2009031309
2009031310
2009031311
2009031312
2009031313
2009031314
2009031315
2009031316
2009031317
2009032000
2009032001
2009032002
2009032003
2009032004
2009032005
2009032006
2009032007
2009032008
2009032009
2009032010
2009032011
2009032012
2009032013
2009032700
2009032701
2009032702
2009032703
2009032704
2009032705
2009032706
2009032707
2009032708
2009032709
2009032710
2009032711
2009032712
2009032713
2009032714
2009040300
2009040301
2009040302
2009040303
2009040305
2009040306
2009040307
2009040308
2009040309
2009040310
2009040311
2009040312
2009040313
2009040314
2009040315
2009040316
2009041000
2009041001
2009041002
2009041003
2009041004
2009041005
2009041006
2009041007
2009041008
2009041009
2009041010
2009041011
2009041012
2009041013
2009041014
2009041015
2009041016
2009041017
2009041018
2009041701
2009041702
2009041703
2009041704
2009041705
2009041706
2009041707
2009041708
2009041709
2009041711
2009041712
2009041713
2009041714
2009041715
2009041716
2009041717
2009042400
2009042401
2009042402
2009042403
2009042404
2009042405
2009042406
2009042407
2009042408
2009042409
2009042410
2009042411
2009050100
2009050101
2009050102
2009050103
2009050104
2009050105
2009050106
2009050107
2009050108
2009050109
2009050110
2009050800
2009050801
2009050802
2009050803
2009050804
2009050805
2009050806
2009050807
2009050808
2009050809
2009050810
2009050811
2009050812
2009050813
2009051500
2009051501
2009051502
2009051503
2009051505
2009051506
2009051507
2009051508
2009051509
2009051510
2009051511
2009051512
2009051513
2009051514
2009051515
2009051516
2009052200
2009052201
2009052202
2009052203
2009052204
2009052205
2009052206
2009052207
2009052208
2009052900
2009052901
2009052902
2009052903
2009052904
2009052905
2009052906
2009052907
2009052908
2009052909
2009052910
2009052911
2009052912
2009060500
2009060501
2009060502
2009060503
2009060504
2009060505
2009060506
2009060507
2009060508
2009060509
2009060510
2009060511
2009060512
2009060513
2009060514
2009061200
2009061201
2009061202
2009061203
2009061204
2009061205
2009061206
2009061207
2009061208
2009061209
2009061210
2009061900
2009061901
2009061902
2009061903
2009061904
2009061905
2009061906
2009061907
2009061908
2009061909
2009062600
2009062601
2009062602
2009062603
2009062604
2009062605
2009062606
2009062607
2009062608
2009070300
2009070301
2009070302
2009070303
2009070304
2009070305
2009070306
2009070307
2009070308
2009070309
2009070310
2009071000
2009071001
2009071002
2009071003
2009071004
2009071005
2009071006
2009071007
2009071008
2009071009
2009071010
2009071700
2009071701
2009071703
2009071704
2009071705
2009071706
2009071707
2009071708
2009071709
2009071710
2009071711
2009071712
2009071713
2009071714
2009071715
2009071716
2009072401
2009072402
2009072404
2009072405
2009072406
2009072407
2009072408
2009072409
2009072410
2009072411
2009072412
2009072413
2009072414
2009072415
2009072416
2009073101
2009073102
2009073103
2009073104
2009073105
2009073106
2009073107
2009073108
2009073109
2009073110
2009073111
2009073112
2009073113
2009073114
2009073115
2009073116
2009073117
2009080700
2009080701
2009080702
2009080703
2009080704
2009080705
2009080706
2009080707
2009080708
2009080709
2009080710
2009080711
2009080712
2009080713
2009080714
2009080715
2009081400
2009081401
2009081402
2009081403
2009081404
2009081405
2009081406
2009081407
2009081408
2009081409
2009081410
2009081411
2009081412
2009081413
2009081414
2009081415
2009081416
2009081417
2009082100
2009082101
2009082102
2009082103
2009082104
2009082105
2009082107
2009082108
2009082109
2009082110
2009082800
2009082801
2009082802
2009082803
2009082804
2009082805
2009082806
2009082808
2009082809
2009090400
2009090401
2009090402
2009090403
2009090404
2009090405
2009090406
2009090407
2009090408
2009090409
2009090411
2009090412
2009091100
2009091101
2009091102
2009091103
2009091104
2009091106
2009091107
2009091108
2009091109
2009091110
2009091111
2009091112
2009091114
2009091115
2009091116
2009091801
2009091802
2009091803
2009091804
2009091805
2009091807
2009091808
2009091809
2009091810
2009091811
2009091812
2009091813
2009091814
2009091815
2009091816
2009091817
2009091818
2009092500
2009092501
2009092502
2009092503
2009092504
2009092506
2009092507
2009092508
2009092509
2009092510
2009092511
2009092512
2009092513
2009092514
2009092515
2009092517
2009092518
2009092519
2009092520
2009092521
2009100200
2009100201
2009100202
2009100203
2009100204
2009100205
2009100206
2009100207
2009100208
2009100209
2009100210
2009100211
2009100212
2009100213
2009100214
2009100215
2009100216
2009100217
2009100218
2009100900
2009100901
2009100902
2009100903
2009100904
2009100905
2009100906
2009100907
2009100908
2009100909
2009100910
2009100911
2009100912
2009100913
2009100914
2009100916
2009100917
2009101601
2009101602
2009101603
2009101604
2009101605
2009101606
2009101607
2009101608
2009101609
2009101610
2009101611
2009101612
2009101613
2009101614
2009101615
2009101616
2009101617
2009102300
2009102301
2009102303
2009102304
2009102305
2009102306
2009102307
2009102308
2009102310
2009102311
2009102312
2009102313
2009102314
2009102315
2009102316
2009102317
2009102319
2009103000
2009103001
2009103002
2009103003
2009103004
2009103005
2009103006
2009103007
2009103008
2009103009
2009103010
2009103011
2009103012
2009103013
2009110600
2009110601
2009110602
2009110603
2009110604
2009110605
2009110606
2009110607
2009110608
2009110609
2009110610
2009110611
2009110612
2009110613
2009110614
2009110615
2009111300
2009111301
2009111302
2009111303
2009111304
2009111305
2009111306
2009111307
2009111309
2009111310
2009111311
2009112000
2009112001
2009112002
2009112003
2009112004
2009112005
2009112006
2009112007
2009112008
2009112009
2009112010
2009112011
2009112012
2009112700
2009112701
2009112702
2009112703
2009112704
2009112705
2009112706
2009112707
2009112708
2009112709
2009112710
2009112711
2009112713
2009112714
2009120400
2009120401
2009120402
2009120403
2009120404
2009120405
2009120406
2009120407
2009120408
2009120409
2009120410
2009120411
2009120412
2009120413
2009120414
2009120415
2009121100
2009121101
2009121102
2009121103
2009121104
2009121105
2009121106
2009121107
2009121108
2009121109
2009121110
2009121111
2009121112
2009121115
2009121116
2009121117
2009121800
2009121801
2009121803
2009121804
2009121806
2009121807
2009121808
2009121809
2009121811
2009121813
2009121814
2009121815
2010010800
2010010801
2010010802
2010010803
2010010804
2010010805
2010010806
2010010807
2010010808
2010010809
2010010811
2010010812
2010010813
2010010814
2010011500
2010011501
2010011502
2010011503
2010011504
2010011505
2010011506
2010011507
2010011508
2010011509
2010011510
2010011511
2010011512
2010011513
2010011514
2010012200
2010012201
2010012202
2010012203
2010012204
2010012205
2010012206
2010012207
2010012208
2010012209
2010012210
2010012211
2010012212
2010012213
2010012214
2010012215
2010012216
2010012900
2010012901
2010012902
2010012903
2010012904
2010012905
2010012906
2010012907
2010012908
2010012909
2010012910
2010012911
2010012913
2010012914
2010020500
2010020501
2010020502
2010020503
2010020504
2010020505
2010020506
2010020507
2010020508
2010020509
2010020510
2010020511
2010020512
2010020513
2010020514
2010020515
2010020516
2010020517
2010021200
2010021201
2010021202
2010021203
2010021205
2010021206
2010021208
2010021210
2010021211
2010021213
2010021214
2010021215
2010021216
2010021217
2010021218
2010021900
2010021901
2010021902
2010021903
2010021904
2010021905
2010021907
2010021908
2010021909
2010021911
2010021912
2010021913
2010021914
2010021915
2010021916
2010022600
2010022601
2010022602
2010022603
2010022604
2010022605
2010022606
2010022607
2010022608
2010022609
2010022610
2010022611
2010022612
2010022613
2010022615
2010022616
2010022617
2010022618
2010022619
2010022620
2010022622
2010022623
2010022624
2010022625
2010022626
2010030500
2010030501
2010030502
2010030503
2010030504
2010030505
2010030506
2010030507
2010030508
2010030509
2010030510
2010030511
2010030512
2010030513
2010030514
2010030515
2010030516
2010030517
2010030518
2010030519
2010030520
2010030521
2010030522
2010030524
2010031200
2010031202
2010031203
2010031204
2010031205
2010031206
2010031209
2010031210
2010031212
2010031213
2010031214
2010031215
2010031216
2010031217
2010031218
2010031219
2010031220
2010031221
2010031222
2010031223
2010031900
2010031901
2010031902
2010031903
2010031904
2010031905
2010031906
2010031907
2010031908
2010031909
2010031910
2010031911
2010031912
2010031913
2010031914
2010031915
2010031916
2010031917
2010031918
2010031919
2010031921
2010031922
2010032600
2010032601
2010032602
2010032603
2010032604
2010032605
2010032606
2010032607
2010032608
2010032609
2010032610
2010032611
2010032612
2010032613
2010032615
2010032616
2010032617
2010032618
2010040200
2010040201
2010040202
2010040203
2010040204
2010040205
2010040206
2010040208
2010040209
2010040210
2010040211
2010040212
2010040213
2010040214
2010040215
2010040217
2010040900
2010040901
2010040902
2010040903
2010040904
2010040905
2010040906
2010040907
2010040909
2010040910
2010040912
2010040913
2010040915
2010040916
2010040917
2010040918
2010040919
2010041600
2010041601
2010041602
2010041604
2010041605
2010041606
2010041607
2010041608
2010041609
2010041610
2010041611
2010041612
2010041613
2010041614
2010041615
2010041616
2010041617
2010041618
2010042300
2010042302
2010042303
2010042304
2010042305
2010042306
2010042307
2010042308
2010042309
2010042310
2010042311
2010042312
2010043000
2010043001
2010043004
2010043005
2010043006
2010043007
2010043008
2010043009
2010043010
2010043011
2010043012
2010050700
2010050701
2010050702
2010050703
2010050704
2010050705
2010051400
2010051401
2010051402
2010051403
2010051404
2010051405
2010051406
2010051407
2010051408
2010051409
2010051410
2010051411
2010051412
2010052100
2010052101
2010052102
2010052103
2010052104
2010052105
2010052106
2010052107
2010052108
2010052109
2010052110
2010052111
2010052112
2010052800
2010052801
2010052802
2010052803
2010052805
2010052806
2010052807
2010052808
2010052809
2010052810
2010052812
2010052813
2010052814
2010060400
2010060401
2010060402
2010060403
2010060404
2010060405
2010060406
2010060407
2010060408
2010060409
2010061102
2010061103
2010061104
2010061105
2010061106
2010061107
2010061108
2010061109
2010061110
2010061111
2010061112
2010061113
2010061114
2010061115
2010061800
2010061801
2010061802
2010061803
2010061804
2010061805
2010061806
2010061807
2010061808
2010061809
2010062500
2010062501
2010062502
2010062503
2010062504
2010062505
2010062506
2010062507
2010070200
2010070201
2010070202
2010070203
2010070204
2010070205
2010070206
2010070207
2010070208
2010070209
2010070900
2010070901
2010070902
2010070903
2010070904
2010070905
2010070906
2010070907
2010070908
2010070909
2010070910
2010070911
2010071600
2010071601
2010071602
2010071603
2010071604
2010071605
2010071606
2010071607
2010071608
2010071609
2010071610
2010071611
2010071612
2010071613
2010071614
2010071615
2010071616
2010071617
2010071619
2010071621
2010071622
2010071623
2010071624
2010071625
2010072300
2010072301
2010072302
2010072303
2010072304
2010072305
2010072306
2010072307
2010072308
2010072309
2010072310
2010072311
2010072312
2010072313
2010072314
2010072315
2010072316
2010072317
2010072318
2010072319
2010072320
2010072322
2010073000
2010073001
2010073002
2010073003
2010073004
2010073005
2010073006
2010073007
2010073008
2010073009
2010073010
2010080600
2010080601
2010080602
2010080603
2010080604
2010080605
2010080606
2010080607
2010080608
2010080609
2010080610
2010081300
2010081301
2010081302
2010081303
2010081304
2010081305
2010081306
2010081307
2010081308
2010081309
2010081310
2010081311
2010081312
2010082000
2010082001
2010082002
2010082003
2010082004
2010082005
2010082006
2010082008
2010082009
2010082011
2010082012
2010082013
2010082014
2010082015
2010082016
2010082700
2010082701
2010082702
2010082703
2010082704
2010082705
2010082706
2010082707
2010082708
2010082709
2010090300
2010090301
2010090302
2010090303
2010090304
2010090305
2010090306
2010090307
2010090308
2010090309
2010090310
2010090311
2010090312
2010090313
2010090314
2010090315
2010090316
2010090317
2010090318
2010090319
2010090320
2010090321
2010090322
2010090323
2010090324
2010091000
2010091001
2010091002
2010091003
2010091004
2010091005
2010091006
2010091007
2010091008
2010091009
2010091010
2010091011
2010091012
2010091013
2010091014
2010091015
2010091016
2010091017
2010091018
2010091019
2010091020
2010091021
2010091701
2010091702
2010091703
2010091704
2010091705
2010091706
2010091707
2010091709
2010091710
2010091711
2010091712
2010091713
2010092400
2010092401
2010092402
2010092403
2010092405
2010092406
2010092407
2010092408
2010100100
2010100101
2010100102
2010100103
2010100104
2010100105
2010100107
2010100108
2010100109
2010100110
2010100111
2010100112
2010100800
2010100801
2010100802
2010100803
2010100804
2010100805
2010100806
2010100808
2010100809
2010100810
2010100811
2010101500
2010101501
2010101503
2010101504
2010101505
2010101506
2010101507
2010101508
2010101509
2010101510
2010101511
2010102200
2010102201
2010102202
2010102203
2010102204
2010102205
2010102206
2010102207
2010102208
2010102209
2010102210
2010102211
2010102900
2010102901
2010102902
2010102903
2010102904
2010102905
2010102906
2010102907
2010102908
2010102909
2010102910
2010110500
2010110501
2010110502
2010110503
2010110504
2010110505
2010110506
2010110507
2010110508
2010110509
2010110510
2010110511
2010111200
2010111201
2010111202
2010111203
2010111204
2010111205
2010111206
2010111207
2010111208
2010111900
2010111901
2010111902
2010111903
2010111904
2010111905
2010111906
2010111907
2010111908
2010111909
2010111910
2010111911
2010112600
2010112601
2010112602
2010112604
2010112605
2010112607
2010112608
2010112609
2010112611
2010120300
2010120301
2010120302
2010120303
2010120304
2010120305
2010120306
2010120307
2010120309
2010120310
2010120311
2010120312
2010121000
2010121001
2010121002
2010121003
2010121004
2010121005
2010121006
2010121007
2010121008
2010121009
2010121010
2010121011
2010121012
2010121700
2010121701
2010121702
2010121703
2010121705
2010121706
2010121707
2010121708
2010121709
2010121710
2010121711
2010121712
2011010700
2011010701
2011010702
2011010703
2011010704
2011010705
2011010707
2011010708
2011010709
2011010710
2011010711
2011010712
2011010713
2011010714
2011010715
2011010716
2011010717
2011010718
2011010719
2011010720
2011010721
2011010722
2011010723
2011011400
2011011401
2011011402
2011011403
2011011404
2011011405
2011011406
2011011407
2011011408
2011011410
2011011411
2011011412
2011011413
2011011414
2011011415
2011011416
2011011417
2011011418
2011011419
2011011420
2011011421
2011012100
2011012101
2011012102
2011012103
2011012104
2011012105
2011012106
2011012107
2011012108
2011012109
2011012110
2011012111
2011012112
2011012113
2011012114
2011012115
2011012117
2011012118
2011012119
2011012800
2011012801
2011012802
2011012803
2011012804
2011012805
2011012806
2011012808
2011012809
2011012810
2011012811
2011012812
2011012813
2011012814
2011020401
2011020402
2011020403
2011020404
2011020406
2011020407
2011020408
2011020409
2011020410
2011020411
2011020412
2011021100
2011021101
2011021102
2011021104
2011021105
2011021106
2011021107
2011021108
2011021109
2011021110
2011021111
2011021112
2011021113
2011021114
2011021800
2011021801
2011021802
2011021803
2011021804
2011021805
2011021806
2011021807
2011021808
2011022500
2011022501
2011022502
2011022503
2011022504
2011022505
2011022506
2011022507
2011022508
2011022509
2011022510
2011022511
2011022512
2011022513
2011030400
2011030401
2011030402
2011030403
2011030404
2011030405
2011030406
2011030407
2011030408
2011031100
2011031101
2011031102
2011031103
2011031104
2011031105
2011031106
2011031107
2011031108
2011031109
2011031800
2011031801
2011031802
2011031803
2011031804
2011031805
2011031806
2011031807
2011031808
2011031809
2011031810
2011031811
2011031813
2011032500
2011032502
2011032503
2011032504
2011032505
2011032506
2011032507
2011040100
2011040101
2011040102
2011040103
2011040105
2011040106
2011040107
2011040108
2011040109
2011040800
2011040801
2011040802
2011040803
2011040804
2011040805
2011040806
2011040807
2011040809
2011040810
2011041500
2011041501
2011041502
2011041503
2011041504
2011041505
2011041506
2011041507
2011041508
2011041509
2011041510
2011042200
2011042201
2011042202
2011042203
2011042204
2011042205
2011042207
2011042208
2011042209
2011042210
2011042211
2011042212
2011042900
2011042901
2011042902
2011042903
2011042904
2011042905
2011042906
2011042907
2011042908
2011042909
2011042910
2011042911
2011042912
2011050600
2011050601
2011050602
2011050603
2011050604
2011050605
2011050606
2011050607
2011050608
2011050609
2011050610
2011050613
2011050614
2011050615
2011051300
2011051301
2011051302
2011051303
2011051304
2011051305
2011051306
2011051307
2011051308
2011051309
2011051310
2011051311
2011051312
2011051313
2011052000
2011052001
2011052002
2011052003
2011052004
2011052005
2011052006
2011052007
2011052008
2011052009
2011052010
2011052011
2011052012
2011052013
2011052014
2011052700
2011052701
2011052702
2011052703
2011060300
2011060301
2011060302
2011060303
2011060304
2011060305
2011060306
2011060307
2011060309
2011060310
2011060311
2011060312
2011060313
2011060315
2011061000
2011061001
2011061002
2011061003
2011061004
2011061005
2011061006
2011061007
2011061008
2011061009
2011061010
2011061011
2011061012
2011061013
2011061700
2011061701
2011061702
2011061703
2011061704
2011061705
2011061706
2011061707
2011061708
2011061709
2011061710
2011061711
2011061712
2011061713
2011061714
2011062400
2011062401
2011062402
2011062403
2011062404
2011062405
2011062406
2011062407
2011062408
2011062409
2011062410
2011062411
2011062412
2011062413
2011070100
2011070101
2011070102
2011070103
2011070104
2011070105
2011070106
2011070107
2011070109
2011070110
2011070111
2011070112
2011070113
2011070800
2011070801
2011070802
2011070803
2011070804
2011070805
2011070806
2011070807
2011070808
2011070809
2011070810
2011070811
2011070812
2011071500
2011071501
2011071503
2011071504
2011071505
2011071506
2011071507
2011071508
2011072200
2011072201
2011072202
2011072203
2011072204
2011072205
2011072206
2011072207
2011072208
2011072209
2011072210
2011072211
2011072213
2011072214
2011072215
2011072216
2011072900
2011072901
2011072902
2011072903
2011072904
2011072905
2011072907
2011072908
2011072909
2011072910
2011072911
2011072912
2011072913
2011072914
2011072915
2011072916
2011072917
2011072918
2011072919
2011072920
2011072921
2011080500
2011080501
2011080502
2011080503
2011080504
2011080505
2011080506
2011080507
2011080508
2011080509
2011080510
2011080511
2011080512
2011080513
2011080514
2011080515
2011080516
2011080517
2011080518
2011080519
2011080520
2011080521
2011081200
2011081201
2011081202
2011081203
2011081204
2011081205
2011081206
2011081208
2011081209
2011081210
2011081211
2011081212
2011081213
2011081214
2011081900
2011081902
2011081903
2011081904
2011081905
2011081906
2011081907
2011081908
2011081909
2011081910
2011081911
2011081912
2011081913
2011081914
2011082600
2011082601
2011082603
2011082604
2011082605
2011082606
2011082607
2011082608
2011082609
2011082610
2011082611
2011090200
2011090201
2011090202
2011090203
2011090204
2011090205
2011090206
2011090207
2011090208
2011090209
2011090210
2011090211
2011090212
2011090213
2011090215
2011090900
2011090901
2011090903
2011090904
2011090905
2011090906
2011090908
2011090909
2011090910
2011090911
2011091600
2011091601
2011091602
2011091604
2011091605
2011091606
2011091607
2011091608
2011091609
2011091610
2011091611
2011092300
2011092301
2011092302
2011092304
2011092305
2011092306
2011092307
2011092308
2011092309
2011092310
2011092311
2011092312
2011092313
2011092314
2011092315
2011092316
2011093000
2011093001
2011093002
2011093003
2011093004
2011093005
2011093006
2011093007
2011093008
2011093009
2011093010
2011093011
2011093012
2011093013
2011093014
2011100700
2011100701
2011100702
2011100704
2011100705
2011100706
2011100707
2011100708
2011100709
2011101400
2011101401
2011101402
2011101403
2011101404
2011101405
2011101406
2011101407
2011101408
2011101409
2011101410
2011101411
2011101412
2011101413
2011101414
2011101415
2011101416
2011101418
2011101419
2011101420
2011101421
2011101422
2011102100
2011102101
2011102102
2011102103
2011102104
2011102105
2011102106
2011102107
2011102108
2011102109
2011102110
2011102111
2011102112
2011102113
2011102114
2011102115
2011102800
2011102801
2011102802
2011102803
2011102804
2011102805
2011102806
2011102807
2011102808
2011102809
2011102810
2011102811
2011102812
2011102813
2011102814
2011102815
2011102816
2011110400
2011110401
2011110402
2011110403
2011110404
2011110405
2011110406
2011110408
2011110409
2011110410
2011110411
2011111100
2011111101
2011111102
2011111103
2011111104
2011111105
2011111106
2011111107
2011111108
2011111109
2011111110
2011111111
2011111800
2011111801
2011111802
2011111803
2011111804
2011111805
2011111806
2011111807
2011111808
2011111809
2011111810
2011111811
2011112500
2011112501
2011112503
2011112504
2011112505
2011112506
2011112507
2011112508
2011112509
2011112510
2011120200
2011120201
2011120202
2011120203
2011120204
2011120205
2011120206
2011120207
2011120208
2011120209
2011120210
2011120900
2011120902
2011120903
2011120904
2011120905
2011120906
2011120907
2011120908
2011120909
2011120910
2011121600
2011121601
2011121602
2011121603
2011121604
2011121605
2011121606
2011121607
2011121608
2011121609
2011121610
2011121611
