6504631937	16238308400	1	
6506489967	12143739400	1	
6507034370	6507373460	1	
6507107223	36523885900	1	
6507549292	7201803297	1	
6507549292	55397805500	1	
6507669111	6603683529	1	
6507669111	7102025822	1	
6508300103	7202797059	1	
6601981263	7402001557	1	
6601981263	7403547748	1	
6602078756	7005041518	1	
6602083362	7006828349	1	
6602275620	7005181276	1	
6602560356	26644781000	1	
6602661721	15839410500	1	
6602773067	37030890400	1	
6602909483	7005398936	1	
6603058310	7005747404	1	
6603153709	56731307700	1	
6603176757	7005823898	1	
6603176757	8924119700	1	
6603463493	36917003600	1	
6603463493	53866199400	1	
6603463493	55238869000	1	
6603663597	7406813308	1	
6603663597	8877122600	1	
6603779197	6603956238	1	
6603873430	56238765200	1	
6603956238	7003326336	1	
6603956238	7402899348	1	
6603956238	13605356600	1	
6604035521	8544413200	1	
6604065969	35740356200	1	
6604087198	17135901600	1	
6701433020	35510788500	1	
6701765355	35760459800	1	
6701788765	8242110200	1	
7003327753	7004010509	1	
7003383655	7006787741	1	
7003383655	25923110500	1	
7003471235	7202797059	1	
7003471235	26321373100	1	
7003496664	25942750500	1	
7003610778	7007088574	1	
7003639561	36990760500	1	
7003639561	51261158100	1	
7003765725	7004219172	1	
7003765725	15519204900	1	
7003999017	22958226200	1	
7004010509	7006219601	1	
7004010509	36672894400	1	
7004011979	7004456136	1	
7004275432	23100684200	1	
7004343937	7402222358	1	
7004370222	57053195400	1	
7004426564	7403934176	1	
7004456136	7005601272	1	
7005014985	55415602700	1	
7005041518	7403077705	1	
7005695286	7101644466	1	
7005747404	7006317297	1	
7005747404	14015779300	1	
7005953845	7102557197	1	
7006152331	35576436600	1	
7006219601	36672894400	1	
7006245680	8544413200	1	
7006304840	8836130200	1	
7006458343	36196927000	1	
7006724777	16309617500	1	
7006724777	49561054200	1	
7006724777	55193432900	1	
7006781333	35303178200	1	
7007094071	14012356200	1	
7007094071	15041790900	1	
7101612726	26425237700	1	
7101644466	24173309900	1	
7101738221	7402837574	1	
7102068059	8725110300	1	
7102118731	24329172200	1	
7102141936	56211121300	1	
7102395155	16425664400	1	
7102548710	7102557197	1	
7102888083	57053195400	1	
7103123247	7403413176	1	
7103175808	8917922000	1	
7103229205	7103355524	1	
7103299039	55474367500	1	
7103412351	7402486645	1	
7201961714	56731307700	1	
7202106706	7406654548	1	
7202106706	12775622400	1	
7202106706	13409491200	1	
7202209456	35344606200	1	
7401799217	8242110200	1	
7401994245	36917003600	1	
7401994245	53866199400	1	
7401994245	56270355500	1	
7402001557	7403547748	1	
7402398883	7403176934	1	
7409757634	24480864900	1	
8242110200	16401181100	1	
8544413200	23098106900	1	
8544854300	35610732000	1	
8875452700	55382185500	1	
8917922000	15069432100	1	
12244634700	55240698400	1	
12781058100	26425237700	1	
13605356600	55644003934	1	
15839360500	55415602700	1	
16027931800	55246766200	1	
16309617500	49561054200	1	
18041872100	23486780300	1	
23003901000	36990760500	1	
23003901000	51261158100	1	
26644781000	35082133500	1	
27967512700	36454281000	1	
35306454400	36607977700	1	
35493082200	55644003934	1	
35513093100	56066325000	1	
35576436600	56232359700	1	
35725593700	35725925000	1	
35740356200	55233289300	1	
36450898500	56305942100	1	
36673497500	55121719000	1	
49561054200	55193432900	1	
55488001400	56731307700	1	
6504631937	13605356600	0	
6504631937	35493082200	0	
6504720954	26867949500	0	
6505587849	7102543245	0	
6505587849	25825549800	0	
6505848825	7006981350	0	
6505848825	7007146506	0	
6505848825	8663589500	0	
6505848825	22953072100	0	
6505848825	35331336200	0	
6505848825	35610732000	0	
6505904119	7005872604	0	
6505904119	7006286207	0	
6505904119	10143812700	0	
6505904119	16027931800	0	
6505904119	23396327300	0	
6505904119	55246766200	0	
6505943257	6604035521	0	
6505943257	7003725116	0	
6505943257	7006245680	0	
6505943257	23098106900	0	
6506105375	6701433020	0	
6506155026	6602122815	0	
6506155026	7005588971	0	
6506323532	7102355745	0	
6506323532	7102615721	0	
6506323532	7403039407	0	
6506323532	8242110200	0	
6506323532	36875904800	0	
6506323532	55118072100	0	
6506323532	55180868700	0	
6506323532	55500499500	0	
6506340186	7006338821	0	
6506340186	8836130200	0	
6506340186	22033484600	0	
6506340186	25942750500	0	
6506340186	34975087600	0	
6506374764	35556044500	0	
6506470686	7005654856	0	
6506470686	7102056911	0	
6506470686	37030890400	0	
6506489967	7003725116	0	
6506565778	6508233683	0	
6506565778	6604087198	0	
6506565778	7006220926	0	
6506565778	7202300513	0	
6506565778	7403197330	0	
6506565778	7403375239	0	
6506565778	7407715018	0	
6506565778	12768267800	0	
6506565778	16047737400	0	
6506565778	25031538900	0	
6506565778	55637847000	0	
6506565778	56410957700	0	
6506658915	6601921039	0	
6506658915	7003288176	0	
6506658915	15052480500	0	
6506813546	6603635400	0	
6506813546	55472605100	0	
6506883599	6602214665	0	
6506914936	6602312423	0	
6506914936	7005576405	0	
6506914936	14059179200	0	
6506914936	16424728500	0	
6506914936	26642955300	0	
6507034370	7006598190	0	
6507034370	7102875119	0	
6507034370	23391940700	0	
6507034370	34975087600	0	
6507217069	6508233683	0	
6507217069	6604087198	0	
6507217069	7006220926	0	
6507217069	7202300513	0	
6507217069	7403197330	0	
6507217069	7403375239	0	
6507217069	7407715018	0	
6507217069	12768267800	0	
6507217069	16047737400	0	
6507217069	24822964100	0	
6507217069	25031538900	0	
6507217069	55637847000	0	
6507217069	56410957700	0	
6507238466	12797891000	0	
6507238466	17134196300	0	
6507302807	7004676417	0	
6507316702	6603551649	0	
6507316702	7003693242	0	
6507316702	7202025307	0	
6507316702	7202930325	0	
6507319250	7102949196	0	
6507324905	6603075473	0	
6507324905	7004297127	0	
6507324905	7006359164	0	
6507324905	7601530902	0	
6507324905	35602549900	0	
6507373460	6602944455	0	
6507373460	7004021432	0	
6507373460	7004026970	0	
6507373460	7006304840	0	
6507373460	7006598190	0	
6507373460	7102413157	0	
6507373460	7102515796	0	
6507373460	7102875119	0	
6507373460	7402363193	0	
6507373460	7404316832	0	
6507373460	7405442386	0	
6507373460	25942750500	0	
6507373460	34975087600	0	
6507373460	56066325000	0	
6507549292	6602166936	0	
6507549292	6602536293	0	
6507549292	6701759489	0	
6507549292	7005645719	0	
6507549292	7006072851	0	
6507549292	7102657559	0	
6507549292	7201363666	0	
6507549292	14026134600	0	
6507549292	23866118600	0	
6507669111	6602493276	0	
6507669111	6603272503	0	
6507669111	7004926277	0	
6507669111	7006348787	0	
6507669111	7006354808	0	
6507669111	7201829014	0	
6507669111	7403176934	0	
6507669111	8242110200	0	
6507669111	8572479500	0	
6507669111	8576293200	0	
6507669111	8983376400	0	
6507669111	36875904800	0	
6507669111	55118072100	0	
6507669111	55500499500	0	
6507799752	7004010509	0	
6507799752	7004951250	0	
6507799752	23096634500	0	
6507799752	36672894400	0	
6507843130	17345853200	0	
6507922816	6602564073	0	
6507922816	7005473282	0	
6507922816	7201969579	0	
6507922816	40160927000	0	
6508167343	7005670190	0	
6508167343	7006517904	0	
6508167343	7202603961	0	
6508167343	15070281500	0	
6508167343	24469102300	0	
6508167343	56213146300	0	
6508180081	7004954738	0	
6508180081	13908246400	0	
6508180081	55031452000	0	
6508233683	6601921039	0	
6508233683	6604087198	0	
6508233683	7004132918	0	
6508233683	7006220926	0	
6508233683	7202300513	0	
6508233683	7402695451	0	
6508233683	7407715018	0	
6508233683	9739159000	0	
6508233683	10240970300	0	
6508233683	14012356200	0	
6508233683	16047737400	0	
6508233683	18134896800	0	
6508233683	23491992800	0	
6508233683	24822964100	0	
6508233683	34768906000	0	
6508233683	55546514600	0	
6508233683	55547134962	0	
6508233683	55732317300	0	
6508233683	56410957700	0	
6508233683	56623994700	0	
6508300103	6602593938	0	
6508300103	7003471235	0	
6508300103	12240341100	0	
6508300103	26321373100	0	
6508330686	7004230696	0	
6601921039	7003725116	0	
6601921039	7004132918	0	
6601921039	7004341223	0	
6601921039	7004651360	0	
6601921039	7004951250	0	
6601921039	7005624004	0	
6601921039	7006152331	0	
6601921039	7006521400	0	
6601921039	7102190660	0	
6601921039	7102615721	0	
6601921039	7103050396	0	
6601921039	7201619461	0	
6601921039	7202130826	0	
6601921039	7202300513	0	
6601921039	7402363193	0	
6601921039	7402695451	0	
6601921039	8317570500	0	
6601921039	8912617600	0	
6601921039	9739159000	0	
6601921039	10240970300	0	
6601921039	12768267800	0	
6601921039	14012356200	0	
6601921039	14018133900	0	
6601921039	23491992800	0	
6601921039	25031538900	0	
6601921039	34768906000	0	
6601921039	35176747200	0	
6601921039	36522325700	0	
6601921039	37031942200	0	
6601921039	55546514600	0	
6601921039	55547134962	0	
6601921039	55637847000	0	
6601921039	55732317300	0	
6601921039	56232359700	0	
6601921039	56416580100	0	
6601921039	56623994700	0	
6601953294	6603325378	0	
6601953294	7004011979	0	
6601953294	7004230696	0	
6601953294	7004456136	0	
6601953294	7005601272	0	
6601953294	7007146843	0	
6601953294	7201503414	0	
6601953294	8898245400	0	
6601953294	21739430000	0	
6601953294	35546487200	0	
6601953294	36879681900	0	
6601953294	55665875300	0	
6601981263	7004317241	0	
6601981263	7004557817	0	
6601981263	7006781333	0	
6601981263	7007150966	0	
6601981263	7402781853	0	
6601981263	26540762500	0	
6602002401	7102413157	0	
6602002401	7401743864	0	
6602002401	7404316832	0	
6602002401	7405442386	0	
6602070791	6602715182	0	
6602070791	7003765725	0	
6602070791	7004219172	0	
6602070791	7006981350	0	
6602070791	7102543245	0	
6602070791	8544854300	0	
6602070791	8663589500	0	
6602070791	15519204900	0	
6602070791	27967512700	0	
6602070791	36454281000	0	
6602078756	56270355500	0	
6602083362	6603050674	0	
6602083362	26642955300	0	
6602142383	7004149745	0	
6602142383	7005654856	0	
6602142383	7101738221	0	
6602142383	7102056911	0	
6602142383	7402837574	0	
6602142383	7402995101	0	
6602142383	7403484501	0	
6602142383	35501588100	0	
6602166936	6701759489	0	
6602166936	7005645719	0	
6602166936	7006072851	0	
6602166936	7102657559	0	
6602166936	7201363666	0	
6602166936	7201477470	0	
6602166936	7201803297	0	
6602166936	14026134600	0	
6602166936	23866118600	0	
6602166936	55397805500	0	
6602193759	7003624946	0	
6602193759	12797891000	0	
6602199264	6603685405	0	
6602199264	7006463850	0	
6602199264	23095433900	0	
6602199264	26535963800	0	
6602214665	6701535060	0	
6602214665	7401749391	0	
6602251405	6602493276	0	
6602251405	6603039413	0	
6602251405	6701483692	0	
6602251405	7003857404	0	
6602251405	7006354808	0	
6602251405	7102615721	0	
6602251405	7402695451	0	
6602251405	7403375239	0	
6602251405	8983376400	0	
6602251405	11640936600	0	
6602251405	23112702700	0	
6602251405	23670172700	0	
6602251405	24576903900	0	
6602251405	36009669000	0	
6602251405	55546514600	0	
6602251405	55729607500	0	
6602312423	6701742256	0	
6602312423	7004735860	0	
6602312423	7005576405	0	
6602312423	14059179200	0	
6602312423	16424728500	0	
6602312423	26642955300	0	
6602317244	7004132918	0	
6602317244	7103004725	0	
6602317244	7403375239	0	
6602317244	15739411100	0	
6602317244	24773500300	0	
6602317244	34568561500	0	
6602317244	35546487200	0	
6602317244	55463548900	0	
6602317244	55732317300	0	
6602317244	55945363800	0	
6602357719	6602770895	0	
6602357719	36047173900	0	
6602357719	54790555300	0	
6602357719	56831427800	0	
6602373723	7006963909	0	
6602373723	7102068059	0	
6602373723	7103375509	0	
6602373723	8725110300	0	
6602381067	24759275000	0	
6602438973	7006577238	0	
6602438973	7202971338	0	
6602438973	35598089800	0	
6602438973	36657289400	0	
6602456354	7003725116	0	
6602493276	6603039413	0	
6602493276	6701788765	0	
6602493276	7004413420	0	
6602493276	7102355745	0	
6602493276	7103045935	0	
6602493276	7201441882	0	
6602493276	7401799217	0	
6602493276	7402946297	0	
6602493276	7403039407	0	
6602493276	8576293200	0	
6602493276	8983376400	0	
6602493276	16401181100	0	
6602493276	23112702700	0	
6602493276	23670172700	0	
6602493276	24576903900	0	
6602493276	36009669000	0	
6602493276	55180868700	0	
6602496356	7003994038	0	
6602536293	7006072851	0	
6602536293	7102657559	0	
6602536293	7201363666	0	
6602536293	7201477470	0	
6602536293	7403375239	0	
6602536293	23491992800	0	
6602536293	23866118600	0	
6602536293	34768906000	0	
6602538061	7004413420	0	
6602538061	7006458343	0	
6602538061	7403199865	0	
6602538061	36196927000	0	
6602560356	7004152939	0	
6602560356	7004804200	0	
6602560356	7007094071	0	
6602560356	7103333118	0	
6602560356	15840553700	0	
6602560356	17342282600	0	
6602560356	35492295700	0	
6602560356	56270355500	0	
6602564073	7004094833	0	
6602564073	7006238724	0	
6602564073	15730693500	0	
6602572467	6701315496	0	
6602572467	7004600415	0	
6602572467	7103283278	0	
6602572467	56894633200	0	
6602573069	7201829014	0	
6602573069	55127281100	0	
6602576519	7005521043	0	
6602576519	7007152090	0	
6602576519	7401743864	0	
6602576519	15750005900	0	
6602578184	6603858126	0	
6602578184	7102355745	0	
6602578184	7403039407	0	
6602578184	7501903821	0	
6602578184	18035031300	0	
6602593938	7202797059	0	
6602593938	12240341100	0	
6602593938	24329172200	0	
6602593938	26321373100	0	
6602641966	7006372340	0	
6602641966	7006868096	0	
6602641966	7007146506	0	
6602641966	7102256591	0	
6602641966	25825549800	0	
6602650600	7004341223	0	
6602650600	7004413420	0	
6602650600	7403199865	0	
6602650600	36196927000	0	
6602661721	7402623968	0	
6602661721	7403558854	0	
6602661721	27171618500	0	
6602661721	36861599500	0	
6602677602	7403934176	0	
6602678322	6701785052	0	
6602678322	7401884369	0	
6602678322	9940941000	0	
6602678322	13411378700	0	
6602678322	56277674900	0	
6602696386	6603272503	0	
6602696386	6701788765	0	
6602696386	7004926277	0	
6602696386	7005832728	0	
6602696386	7006348787	0	
6602696386	7102615721	0	
6602696386	7401799217	0	
6602696386	7403176934	0	
6602696386	16401181100	0	
6602697491	6603779197	0	
6602697491	7003326336	0	
6602697491	7003736659	0	
6602697491	7005646932	0	
6602715182	35331336200	0	
6602770895	7007061840	0	
6602770895	7101782212	0	
6602770895	7102226140	0	
6602770895	15840540400	0	
6602770895	36047173900	0	
6602770895	54790555300	0	
6602773067	7003817212	0	
6602773067	7005654856	0	
6602773067	7102056911	0	
6602773067	7102452245	0	
6602786140	7004321158	0	
6602786140	7005057061	0	
6602786140	7005953845	0	
6602786140	7102548710	0	
6602786140	7402605385	0	
6602786140	8574668200	0	
6602786140	12785303300	0	
6602807196	6603075473	0	
6602807196	7003383655	0	
6602840280	56211121300	0	
6602909483	7004149745	0	
6602909483	7006010107	0	
6602909483	7102141936	0	
6602909483	16425664400	0	
6602909483	36041222400	0	
6602944455	7006338821	0	
6602944455	23391940700	0	
6603017352	7102790528	0	
6603017352	7202968029	0	
6603031758	8725110300	0	
6603039413	7006981350	0	
6603039413	7102615721	0	
6603039413	7103045935	0	
6603039413	7201441882	0	
6603039413	8983376400	0	
6603039413	23670172700	0	
6603039413	36009669000	0	
6603047444	7403201727	0	
6603050674	7201589043	0	
6603050674	7202688275	0	
6603050674	7202997285	0	
6603058310	7004993010	0	
6603058310	16047585400	0	
6603058310	36470382400	0	
6603058310	36672950500	0	
6603058310	55477759100	0	
6603058310	57053593000	0	
6603070577	7006010107	0	
6603075473	7004297127	0	
6603075473	7006359164	0	
6603075473	35602549900	0	
6603086026	7401884369	0	
6603166792	7006317297	0	
6603166792	57053593000	0	
6603176757	7006885362	0	
6603176757	7404782351	0	
6603176757	12244634700	0	
6603176757	35552191200	0	
6603256714	7004426564	0	
6603256714	7202062965	0	
6603256714	7403934176	0	
6603272503	7006338821	0	
6603272503	7402398883	0	
6603272503	56013664200	0	
6603309370	7007061840	0	
6603309370	7101782212	0	
6603309370	7103110030	0	
6603312926	7408418303	0	
6603312926	26664700100	0	
6603325378	6701347944	0	
6603325378	55463548900	0	
6603325378	55665875300	0	
6603379369	7007050019	0	
6603419344	6701759489	0	
6603419344	7004156524	0	
6603419344	7005645719	0	
6603419344	7006072851	0	
6603419344	7006602658	0	
6603419344	7103123247	0	
6603419344	7201803297	0	
6603419344	10143812700	0	
6603419344	14026134600	0	
6603419344	55246766200	0	
6603419344	55397805500	0	
6603434769	7403558854	0	
6603456404	6603714197	0	
6603456404	7007062770	0	
6603456404	39762111800	0	
6603463493	7403077705	0	
6603503386	7103176729	0	
6603551649	7003693242	0	
6603551649	7202930325	0	
6603551649	55661752300	0	
6603551649	56258090400	0	
6603557042	6603714197	0	
6603557042	7007062770	0	
6603557042	39762111800	0	
6603636935	9939724900	0	
6603663597	7202317328	0	
6603683529	7006354808	0	
6603685405	23134439700	0	
6603685405	36047173900	0	
6603688692	7003624946	0	
6603688692	12797891000	0	
6603714197	6603942027	0	
6603714197	7006064486	0	
6603714197	7006837261	0	
6603714197	7007062770	0	
6603714197	7102237655	0	
6603714197	7203002490	0	
6603714197	55902203700	0	
6603740234	55574194096	0	
6603740234	56348218200	0	
6603758079	15052480500	0	
6603779197	7005794374	0	
6603787921	34975087600	0	
6603807411	7102881729	0	
6603829222	7201576485	0	
6603858126	7004413420	0	
6603858126	7005576405	0	
6603858126	7005839318	0	
6603858126	7102615721	0	
6603858126	7402946297	0	
6603858126	8242110200	0	
6603858126	18035031300	0	
6603858126	24821920900	0	
6603858126	26642955300	0	
6603858126	36875904800	0	
6603858126	55118072100	0	
6603858126	55500499500	0	
6603885039	7005543061	0	
6603885039	7101738221	0	
6603885039	24528809200	0	
6603918555	7003725116	0	
6603918555	7004951250	0	
6603918555	7006152331	0	
6603918555	7006521400	0	
6603918555	7103050396	0	
6603918555	7201619461	0	
6603918555	7202130826	0	
6603918555	7403375239	0	
6603918555	8317570500	0	
6603918555	8912617600	0	
6603918555	14018133900	0	
6603918555	35176747200	0	
6603918555	35448456500	0	
6603918555	37031942200	0	
6603918555	56232359700	0	
6603918555	56416580100	0	
6603918821	55398552300	0	
6603925846	7006219601	0	
6603942027	7007062770	0	
6603942027	39762111800	0	
6603956238	7005509332	0	
6603956238	35573408800	0	
6604035521	7003999017	0	
6604035521	7004080203	0	
6604035521	7004517839	0	
6604035521	7004672634	0	
6604035521	7006152331	0	
6604035521	18134896800	0	
6604035521	22634096700	0	
6604035521	22958226200	0	
6604035521	23392686800	0	
6604035521	35576436600	0	
6604035521	54926589600	0	
6604035521	56232359700	0	
6604035521	57062621600	0	
6604053821	7102839169	0	
6604053821	7402623968	0	
6604053821	35083301600	0	
6604063431	7103381193	0	
6604087198	7003556495	0	
6604087198	7004085574	0	
6604087198	7006202373	0	
6604087198	7006220926	0	
6604087198	7402001557	0	
6604087198	7402572200	0	
6604087198	7403375239	0	
6604087198	7407715018	0	
6604087198	12768267800	0	
6604087198	16047737400	0	
6604087198	24279929400	0	
6604087198	25031538900	0	
6604087198	55637847000	0	
6604087198	55728217700	0	
6604087198	56410957700	0	
6701315496	7006478950	0	
6701315496	7102515796	0	
6701315496	15048482400	0	
6701315496	23096634500	0	
6701347944	7004011979	0	
6701347944	7004456136	0	
6701347944	7005601272	0	
6701347944	7007146843	0	
6701347944	7201398314	0	
6701347944	7201503414	0	
6701347944	7201555732	0	
6701347944	7202229758	0	
6701347944	7403373824	0	
6701347944	8898245400	0	
6701347944	21739430000	0	
6701347944	35546487200	0	
6701347944	35600851100	0	
6701347944	35725593700	0	
6701347944	35725925000	0	
6701347944	36672590200	0	
6701347944	36879681900	0	
6701347944	55665875300	0	
6701433020	7003330133	0	
6701433020	36523204600	0	
6701433020	36523626300	0	
6701483692	7003857404	0	
6701483692	7006354808	0	
6701483692	7103045935	0	
6701483692	11640936600	0	
6701483692	23670172700	0	
6701483692	36009669000	0	
6701483692	55118072100	0	
6701502529	7007094071	0	
6701502529	15840553700	0	
6701502529	56623994700	0	
6701529134	7102839169	0	
6701529134	7402623968	0	
6701529134	35083301600	0	
6701542831	7006471270	0	
6701542831	7102228612	0	
6701542831	7402198867	0	
6701582903	35279863900	0	
6701590227	7006357059	0	
6701590227	7102839169	0	
6701598339	7004413420	0	
6701598339	7005089269	0	
6701598339	7403484501	0	
6701610818	7101974168	0	
6701610818	7102881729	0	
6701610818	7103123247	0	
6701610818	16027931800	0	
6701639894	24781006100	0	
6701639894	34975087600	0	
6701639894	35406650200	0	
6701657642	7004094833	0	
6701657642	7402398883	0	
6701690013	7006124434	0	
6701710656	7006981350	0	
6701710656	55664771300	0	
6701724148	34975087600	0	
6701727765	7102013918	0	
6701727765	7201576485	0	
6701727765	7404176673	0	
6701727765	34668636100	0	
6701729204	7004517839	0	
6701729204	15070281500	0	
6701729204	24469102300	0	
6701729204	35434195600	0	
6701729204	56266429700	0	
6701742256	7005576405	0	
6701742256	14059179200	0	
6701742256	16424728500	0	
6701742256	26642955300	0	
6701759489	7006072851	0	
6701759489	7201363666	0	
6701759489	7201477470	0	
6701759489	7201803297	0	
6701759489	7403375239	0	
6701759489	14026134600	0	
6701759489	23491992800	0	
6701759489	34768906000	0	
6701759489	39863576100	0	
6701759489	55397805500	0	
6701762071	7401884369	0	
6701762071	9940941000	0	
6701762071	13411378700	0	
6701762071	56277674900	0	
6701765355	7003654380	0	
6701765355	7007094071	0	
6701765355	15840553700	0	
6701765355	56488474100	0	
6701765355	56623994700	0	
6701776585	7005521043	0	
6701776585	7005953845	0	
6701776585	7102548710	0	
6701776585	35493082200	0	
6701785052	35789703700	0	
6701785052	36900343100	0	
6701788765	7005832728	0	
6701788765	7201829014	0	
6701788765	7402398883	0	
6701788765	8576293200	0	
6701788765	8983376400	0	
6701788765	36875904800	0	
6701788765	55118072100	0	
6701788765	55500499500	0	
6701800381	7004456136	0	
6701816183	12797891000	0	
6701816183	17134196300	0	
6701857075	7005351868	0	
6701857075	7202930325	0	
7003288176	7004651360	0	
7003288176	7402363193	0	
7003288176	35448456500	0	
7003288176	36522325700	0	
7003290676	7004951250	0	
7003290676	7005702785	0	
7003290676	18134896800	0	
7003290676	23095433900	0	
7003290676	36047173900	0	
7003296167	7003594078	0	
7003296167	36167298000	0	
7003326336	7003610778	0	
7003326336	7005794374	0	
7003326336	24455861400	0	
7003327753	7004951250	0	
7003330133	7005457249	0	
7003330133	7007088574	0	
7003338267	35565348900	0	
7003383655	23994680200	0	
7003383655	35361856800	0	
7003383655	55636320635	0	
7003383655	56363315000	0	
7003471235	12240341100	0	
7003496664	7005521043	0	
7003496664	7006304840	0	
7003496664	7401743864	0	
7003496664	11739172000	0	
7003496664	35513093100	0	
7003507552	7103351925	0	
7003507552	35190577100	0	
7003519452	35241344600	0	
7003519452	55205682600	0	
7003520896	7006767616	0	
7003520896	7101752462	0	
7003520896	36037012700	0	
7003556495	7202300513	0	
7003556495	23989944000	0	
7003590166	7006463850	0	
7003590166	7102515796	0	
7003590166	14047073600	0	
7003590166	18134896800	0	
7003590166	23096634500	0	
7003610778	7004768202	0	
7003610778	7407012375	0	
7003610778	24455861400	0	
7003622015	7003725116	0	
7003622015	7004951250	0	
7003622015	7006152331	0	
7003622015	7006521400	0	
7003622015	7103050396	0	
7003622015	7201619461	0	
7003622015	7202130826	0	
7003622015	7403375239	0	
7003622015	8317570500	0	
7003622015	8912617600	0	
7003622015	14018133900	0	
7003622015	35176747200	0	
7003622015	35448456500	0	
7003622015	37031942200	0	
7003622015	56232359700	0	
7003622015	56416580100	0	
7003624946	17134196300	0	
7003637871	7007068576	0	
7003637871	23566905700	0	
7003639561	7004120416	0	
7003639561	7006357059	0	
7003639561	7403558854	0	
7003642375	7003654380	0	
7003642375	7004045049	0	
7003650441	7006463850	0	
7003650441	7102515796	0	
7003650441	14047073600	0	
7003650441	18134896800	0	
7003650441	23096634500	0	
7003654380	7007094071	0	
7003654380	15840553700	0	
7003654380	56623994700	0	
7003660662	7006338821	0	
7003660662	7006598190	0	
7003660662	7102875119	0	
7003688239	7103050396	0	
7003688239	8317570500	0	
7003688239	14018133900	0	
7003688239	18134896800	0	
7003688239	56416580100	0	
7003688239	56715077900	0	
7003690513	7003817212	0	
7003690513	7005654856	0	
7003690513	7102056911	0	
7003690513	7102452245	0	
7003690513	37030890400	0	
7003693242	7202670672	0	
7003693242	55661752300	0	
7003693242	56258090400	0	
7003725116	7003794629	0	
7003725116	7004951250	0	
7003725116	7006521400	0	
7003725116	7103050396	0	
7003725116	7201463807	0	
7003725116	7201619461	0	
7003725116	7202130826	0	
7003725116	7403375239	0	
7003725116	8317570500	0	
7003725116	8544413200	0	
7003725116	8574668200	0	
7003725116	8912617600	0	
7003725116	12143739400	0	
7003725116	14018133900	0	
7003725116	25723287200	0	
7003725116	35176747200	0	
7003725116	37031942200	0	
7003725116	56416580100	0	
7003736659	7005646932	0	
7003736659	7202320323	0	
7003736659	55704267300	0	
7003765725	7007134059	0	
7003765725	55664771300	0	
7003794629	7003999017	0	
7003794629	7004080203	0	
7003794629	7004672634	0	
7003794629	12785303300	0	
7003794629	22634096700	0	
7003794629	35576436600	0	
7003794629	36463390200	0	
7003794629	57062621600	0	
7003817212	7006494073	0	
7003817212	7404080538	0	
7003857404	7005832728	0	
7003857404	11640936600	0	
7003857404	23670172700	0	
7003857404	36009669000	0	
7003857404	55118072100	0	
7003857404	55729607500	0	
7003870500	7004094833	0	
7003886257	7006317297	0	
7003886257	57053593000	0	
7003894783	7005759231	0	
7003894783	7006317098	0	
7003908635	8574668200	0	
7003908635	23392686800	0	
7003975887	7005041518	0	
7003975887	35492295700	0	
7003999017	7004517839	0	
7003999017	7006152331	0	
7003999017	7006245680	0	
7003999017	8574668200	0	
7003999017	18134896800	0	
7003999017	23098106900	0	
7003999017	54926589600	0	
7003999017	56232359700	0	
7004006430	7004561393	0	
7004006430	7006608722	0	
7004010509	7004951250	0	
7004010509	23096634500	0	
7004010509	23471100000	0	
7004010509	56243047200	0	
7004011979	7005601272	0	
7004011979	7006124434	0	
7004011979	7007146843	0	
7004011979	7102890372	0	
7004011979	7201427823	0	
7004011979	7201503414	0	
7004011979	8898245400	0	
7004011979	15739411100	0	
7004011979	21739430000	0	
7004011979	24773500300	0	
7004011979	36879681900	0	
7004011979	55945363800	0	
7004021432	7004026970	0	
7004021432	7005521043	0	
7004021432	7102413157	0	
7004021432	7102875119	0	
7004021432	7404316832	0	
7004021432	7405442386	0	
7004021432	8836130200	0	
7004021432	22033484600	0	
7004021432	56066325000	0	
7004026970	7006304840	0	
7004026970	7102413157	0	
7004026970	7201398314	0	
7004026970	7201555732	0	
7004026970	7202229758	0	
7004026970	7403373824	0	
7004026970	7404316832	0	
7004026970	7405442386	0	
7004026970	25942750500	0	
7004026970	35513093100	0	
7004026970	56066325000	0	
7004042121	7102415947	0	
7004045049	7005041518	0	
7004045049	7403375239	0	
7004045049	9739159000	0	
7004045049	14012356200	0	
7004045049	17346408800	0	
7004045049	23027574700	0	
7004045049	55547134962	0	
7004045049	56238765200	0	
7004045049	56488474100	0	
7004055453	7006463850	0	
7004076083	7004370222	0	
7004076083	7102888083	0	
7004080203	7004517839	0	
7004080203	7006152331	0	
7004080203	7006245680	0	
7004080203	12785303300	0	
7004080203	18134896800	0	
7004080203	22958226200	0	
7004080203	23098106900	0	
7004080203	54926589600	0	
7004080203	56232359700	0	
7004084109	7406813308	0	
7004085574	7202300513	0	
7004085574	23989944000	0	
7004094833	7005769227	0	
7004094833	7201559188	0	
7004094833	7201969579	0	
7004094833	7402987614	0	
7004094833	7404521048	0	
7004094833	40160927000	0	
7004094833	55161582900	0	
7004120416	7006357059	0	
7004120416	7402623968	0	
7004120416	23003901000	0	
7004120416	35083301600	0	
7004120416	35459098300	0	
7004120416	36990760500	0	
7004120416	51261158100	0	
7004132918	7102890372	0	
7004132918	7202300513	0	
7004132918	7402695451	0	
7004132918	9739159000	0	
7004132918	10240970300	0	
7004132918	12768267800	0	
7004132918	14012356200	0	
7004132918	18134896800	0	
7004132918	23491992800	0	
7004132918	25031538900	0	
7004132918	34768906000	0	
7004132918	55409106600	0	
7004132918	55546514600	0	
7004132918	55547134962	0	
7004132918	55637847000	0	
7004132918	56623994700	0	
7004149745	7005508221	0	
7004149745	7005654856	0	
7004149745	7006420049	0	
7004149745	7101738221	0	
7004149745	7102056911	0	
7004149745	7102395155	0	
7004149745	7103050396	0	
7004149745	7201427823	0	
7004149745	7402837574	0	
7004149745	7402995101	0	
7004149745	7403484501	0	
7004149745	8317570500	0	
7004149745	14018133900	0	
7004149745	18134896800	0	
7004149745	35501588100	0	
7004149745	35918127600	0	
7004149745	36850333000	0	
7004149745	56208125700	0	
7004149745	56211121300	0	
7004149745	56416580100	0	
7004149745	56715077900	0	
7004152939	7005041518	0	
7004152939	7005695286	0	
7004152939	7006622421	0	
7004152939	7101644466	0	
7004152939	7101736481	0	
7004152939	7102949196	0	
7004152939	7201847823	0	
7004152939	24173309900	0	
7004152939	35082133500	0	
7004156524	7005509332	0	
7004219172	7007134059	0	
7004219172	55664771300	0	
7004221679	18134896800	0	
7004230215	7005794374	0	
7004230215	7102074464	0	
7004230696	7006124434	0	
7004230696	7402648087	0	
7004230696	8645294600	0	
7004230696	55463548900	0	
7004230696	56568839200	0	
7004252645	7004275432	0	
7004252645	7004758558	0	
7004252645	7202237255	0	
7004252645	7202674608	0	
7004252645	7404784213	0	
7004252645	7406654548	0	
7004252645	12775622400	0	
7004252645	13409491200	0	
7004252645	14032004300	0	
7004252645	23100684200	0	
7004275432	7005768480	0	
7004275432	7202237255	0	
7004275432	22133336600	0	
7004278284	7006202373	0	
7004278284	7402001557	0	
7004278284	7402572200	0	
7004278284	7403375239	0	
7004278284	55728217700	0	
7004279953	7006622421	0	
7004279953	7101736481	0	
7004279953	7103273637	0	
7004279953	7201847823	0	
7004279953	7202300513	0	
7004279953	8268605100	0	
7004279953	54407349800	0	
7004280267	7006980393	0	
7004280267	24348048800	0	
7004289971	23100684200	0	
7004297127	7601530902	0	
7004297127	23994680200	0	
7004297127	35361856800	0	
7004297127	55636320635	0	
7004297127	56363315000	0	
7004304914	7005041518	0	
7004304914	7102415947	0	
7004304914	7402486645	0	
7004304914	24077896400	0	
7004304914	36673497500	0	
7004304914	36794924600	0	
7004304914	55121719000	0	
7004304914	56266068800	0	
7004304914	56352797900	0	
7004317241	7401743864	0	
7004317241	35513093100	0	
7004321158	8574668200	0	
7004321158	12785303300	0	
7004330478	7005972539	0	
7004330478	22940492900	0	
7004341223	7201589050	0	
7004341223	18134896800	0	
7004368994	35589123400	0	
7004370768	7006421966	0	
7004373162	7006238184	0	
7004373162	7101674848	0	
7004373162	7101974168	0	
7004373162	17345853200	0	
7004375258	7005515220	0	
7004375258	7403934176	0	
7004401582	15052480500	0	
7004409485	8924119700	0	
7004409485	12244634700	0	
7004409485	24725419500	0	
7004409485	36811507300	0	
7004413420	7004454996	0	
7004413420	7005089269	0	
7004413420	7005695286	0	
7004413420	7006458343	0	
7004413420	7006981954	0	
7004413420	7202968029	0	
7004413420	7403484501	0	
7004413420	24173309900	0	
7004413420	35557662000	0	
7004413420	35795912200	0	
7004413420	56963301700	0	
7004426564	7202062965	0	
7004453850	7005953845	0	
7004453850	7102548710	0	
7004453850	7102557197	0	
7004454996	7005089269	0	
7004454996	7403484501	0	
7004456136	7005337376	0	
7004456136	7006124434	0	
7004456136	7007146843	0	
7004456136	7201503414	0	
7004456136	8898245400	0	
7004456136	21739430000	0	
7004456136	35546487200	0	
7004456136	36879681900	0	
7004456136	55734261100	0	
7004517839	7004672634	0	
7004517839	7006152331	0	
7004517839	7006245680	0	
7004517839	7201463807	0	
7004517839	18134896800	0	
7004517839	22634096700	0	
7004517839	22958226200	0	
7004517839	23098106900	0	
7004517839	23392686800	0	
7004517839	35576436600	0	
7004517839	54926589600	0	
7004517839	56232359700	0	
7004517839	57062621600	0	
7004557817	7006781333	0	
7004557817	7007150966	0	
7004557817	7402001557	0	
7004557817	7402781853	0	
7004557817	55409106600	0	
7004561393	7006608722	0	
7004561393	7102839169	0	
7004561393	35434276500	0	
7004573128	7404784213	0	
7004573128	7406654548	0	
7004573128	12775622400	0	
7004573128	13409491200	0	
7004580978	35556044500	0	
7004600415	7006478950	0	
7004600415	7102515796	0	
7004600415	15048482400	0	
7004600415	17343236100	0	
7004600415	23096634500	0	
7004600415	57053593000	0	
7004638374	35565348900	0	
7004638374	36450898500	0	
7004638374	56347049600	0	
7004651360	15052480500	0	
7004672634	7006152331	0	
7004672634	7006245680	0	
7004672634	8574668200	0	
7004672634	18134896800	0	
7004672634	23098106900	0	
7004672634	56232359700	0	
7004676417	7103120387	0	
7004676417	8972534100	0	
7004735860	7005576405	0	
7004735860	14059179200	0	
7004735860	16424728500	0	
7004735860	26642955300	0	
7004758558	37038643700	0	
7004768202	7005184258	0	
7004768202	7005654856	0	
7004768202	7006787741	0	
7004768202	7007068576	0	
7004768202	7007088574	0	
7004768202	7102056911	0	
7004768202	35501588100	0	
7004804200	7007094071	0	
7004804200	7102415947	0	
7004804200	7102790528	0	
7004804200	7103333118	0	
7004804200	7103413149	0	
7004804200	7402486645	0	
7004804200	7403077705	0	
7004804200	8292171500	0	
7004804200	14830083600	0	
7004804200	15840553700	0	
7004804200	17342282600	0	
7004804200	24077896400	0	
7004804200	26644781000	0	
7004804200	35082133500	0	
7004804200	35492295700	0	
7004804200	55231577800	0	
7004804200	55911941600	0	
7004804200	56270355500	0	
7004804200	56352797900	0	
7004842292	7006602658	0	
7004842292	7103123247	0	
7004870188	7005882876	0	
7004870188	54407349800	0	
7004951250	7005702785	0	
7004951250	7006152331	0	
7004951250	7006219601	0	
7004951250	7006521400	0	
7004951250	7103050396	0	
7004951250	7103176729	0	
7004951250	7201619461	0	
7004951250	7202130826	0	
7004951250	7403375239	0	
7004951250	8317570500	0	
7004951250	8912617600	0	
7004951250	14018133900	0	
7004951250	23095433900	0	
7004951250	23100931600	0	
7004951250	23471100000	0	
7004951250	35176747200	0	
7004951250	36047173900	0	
7004951250	36236934800	0	
7004951250	36672894400	0	
7004951250	37031942200	0	
7004951250	56232359700	0	
7004951250	56243047200	0	
7004951250	56416580100	0	
7004954738	36523885900	0	
7004954738	36657289400	0	
7004954738	56273636100	0	
7004986644	7102839169	0	
7004986644	7402623968	0	
7004986644	35083301600	0	
7004993010	7005747404	0	
7004993010	7006317297	0	
7004993010	14015779300	0	
7004993010	56981758400	0	
7004993010	57053593000	0	
7005014985	7005473282	0	
7005014985	7005769227	0	
7005014985	7201559188	0	
7005014985	7402987614	0	
7005014985	7404521048	0	
7005014985	35932102100	0	
7005014985	55161582900	0	
7005041518	7005603820	0	
7005041518	7103412351	0	
7005041518	7203014287	0	
7005041518	8292171500	0	
7005041518	9043346900	0	
7005041518	14830083600	0	
7005041518	14919060800	0	
7005041518	18035031300	0	
7005041518	36794924600	0	
7005041518	55911941600	0	
7005041518	56238765200	0	
7005041518	56270355500	0	
7005041518	56488474100	0	
7005041518	56623994700	0	
7005057061	8574668200	0	
7005057061	12785303300	0	
7005069650	7202237255	0	
7005069650	7406654548	0	
7005089269	56963301700	0	
7005129740	7005833979	0	
7005129740	7005848460	0	
7005129740	7007141762	0	
7005129740	7201503414	0	
7005129740	23065981600	0	
7005129740	35598850600	0	
7005184258	7407012375	0	
7005184258	23566905700	0	
7005212227	7103413149	0	
7005212227	7402204673	0	
7005212227	7402924750	0	
7005212227	7404782351	0	
7005212227	8866509500	0	
7005212227	10142188800	0	
7005212227	35552191200	0	
7005212227	55121719000	0	
7005231522	7005521043	0	
7005231522	7202926101	0	
7005231522	7402204673	0	
7005231522	7402924750	0	
7005231522	7404782351	0	
7005231522	10142188800	0	
7005231522	15750005900	0	
7005243970	55474367500	0	
7005337376	7103194745	0	
7005337794	7102395155	0	
7005337794	56211121300	0	
7005351868	7005734918	0	
7005351868	8292171500	0	
7005351868	15765760900	0	
7005351868	35344606200	0	
7005381667	55127281100	0	
7005398936	36041222400	0	
7005434440	12798910500	0	
7005457249	36523204600	0	
7005457249	36523626300	0	
7005465297	7103215858	0	
7005473282	7005769227	0	
7005473282	7006238724	0	
7005473282	7201559188	0	
7005473282	7402987614	0	
7005473282	7404521048	0	
7005473282	15730693500	0	
7005473282	15839360500	0	
7005473282	35932102100	0	
7005473282	55161582900	0	
7005473282	55415602700	0	
7005505169	7007152090	0	
7005505169	7102413157	0	
7005505169	7103004725	0	
7005505169	15750005900	0	
7005505169	35552191200	0	
7005505169	55965509500	0	
7005508221	7103050396	0	
7005508221	8317570500	0	
7005508221	8614519800	0	
7005508221	10240970300	0	
7005508221	13605440600	0	
7005508221	14018133900	0	
7005508221	18134896800	0	
7005508221	22940492900	0	
7005508221	35918127600	0	
7005508221	55574194096	0	
7005508221	56348218200	0	
7005508221	56416580100	0	
7005509332	7102657559	0	
7005509332	7201441882	0	
7005509332	7403375239	0	
7005509332	23491992800	0	
7005509332	23866118600	0	
7005509332	34768906000	0	
7005521043	7005953845	0	
7005521043	7102548710	0	
7005521043	7202926101	0	
7005521043	7401743864	0	
7005521043	7402204673	0	
7005521043	7402924750	0	
7005521043	7403891425	0	
7005521043	7404316832	0	
7005521043	7404782351	0	
7005521043	7405442386	0	
7005521043	8532972400	0	
7005521043	10142188800	0	
7005521043	11739172000	0	
7005521043	35370839400	0	
7005540123	7006202373	0	
7005540123	7202300513	0	
7005540123	7202770145	0	
7005544428	7102790528	0	
7005544428	7202968029	0	
7005576405	7103228528	0	
7005576405	7202997285	0	
7005576405	14059179200	0	
7005576405	55500414800	0	
7005601272	7006124434	0	
7005601272	7007146843	0	
7005601272	7201503414	0	
7005601272	8898245400	0	
7005601272	21739430000	0	
7005601272	35546487200	0	
7005601272	36879681900	0	
7005603820	7102415947	0	
7005603820	7103413149	0	
7005603820	7402486645	0	
7005603820	24077896400	0	
7005603820	36794924600	0	
7005603820	55231577800	0	
7005603820	56352797900	0	
7005624004	18134896800	0	
7005639387	7201411286	0	
7005645719	7006072851	0	
7005645719	7201363666	0	
7005645719	7201477470	0	
7005645719	7201803297	0	
7005645719	7403375239	0	
7005645719	14026134600	0	
7005645719	23491992800	0	
7005645719	34768906000	0	
7005645719	39863576100	0	
7005645719	55397805500	0	
7005646932	7102074464	0	
7005646932	7202320323	0	
7005646932	18134896800	0	
7005646932	35176747200	0	
7005646932	55704267300	0	
7005654856	7005953845	0	
7005654856	7006981350	0	
7005654856	7101738221	0	
7005654856	7402837574	0	
7005654856	7402995101	0	
7005654856	7403484501	0	
7005654856	7406813308	0	
7005654856	8877122600	0	
7005654856	23112702700	0	
7005654856	25923110500	0	
7005660853	7402781853	0	
7005670190	7006517904	0	
7005670190	7202603961	0	
7005670190	7801473197	0	
7005670190	35434195600	0	
7005670190	56213146300	0	
7005690283	7006825969	0	
7005691850	36040250900	0	
7005695286	7402946297	0	
7005702785	23100931600	0	
7005702785	36047173900	0	
7005734918	55661752300	0	
7005734918	56258090400	0	
7005736654	7007165509	0	
7005736654	18041872100	0	
7005736654	23486780300	0	
7005736654	24766131800	0	
7005736654	56060929100	0	
7005753807	7103021053	0	
7005753807	7201619461	0	
7005753807	18134896800	0	
7005759231	35725501400	0	
7005768480	7404784213	0	
7005768480	12775622400	0	
7005768480	13409491200	0	
7005768480	14012356200	0	
7005768480	15041790900	0	
7005768480	15728521600	0	
7005768480	23006658500	0	
7005768480	56488474100	0	
7005769227	7201559188	0	
7005769227	15839360500	0	
7005769227	55161582900	0	
7005823898	7006885362	0	
7005832728	7102615721	0	
7005832728	7103045935	0	
7005832728	7201441882	0	
7005832728	7401799217	0	
7005832728	7402398883	0	
7005832728	16401181100	0	
7005833979	7006963909	0	
7005833979	7103375509	0	
7005833979	7201503414	0	
7005839318	7102079606	0	
7005839318	7202997285	0	
7005839318	16424728500	0	
7005839318	35799637000	0	
7005848460	7006963909	0	
7005848460	7102068059	0	
7005848460	35493082200	0	
7005882876	7103229205	0	
7005882876	7103273637	0	
7005882876	23970686100	0	
7005882876	56261729500	0	
7005950900	7405258983	0	
7005953845	7102997277	0	
7005953845	7404115272	0	
7005953845	7406813308	0	
7005953845	8877122600	0	
7005953845	9237980100	0	
7005953845	35370839400	0	
7005972539	22940492900	0	
7005972539	56348218200	0	
7006010107	7102141936	0	
7006010107	7102395155	0	
7006010107	8544665500	0	
7006010107	17343236100	0	
7006010107	36041222400	0	
7006010107	56211121300	0	
7006013323	35799637000	0	
7006013323	55500414800	0	
7006023128	8877122600	0	
7006023128	24833036600	0	
7006037307	33467923200	0	
7006037307	35215765500	0	
7006037307	53867334300	0	
7006063630	7401851970	0	
7006064486	7007062770	0	
7006064486	39762111800	0	
7006065000	7006767616	0	
7006065000	7101752462	0	
7006065000	7406869132	0	
7006065000	16190557100	0	
7006065000	35354030100	0	
7006065000	55653578600	0	
7006068993	7007020555	0	
7006068993	7103351925	0	
7006068993	23392686800	0	
7006068993	35190577100	0	
7006072851	7201363666	0	
7006072851	7201441882	0	
7006072851	7201477470	0	
7006072851	7201803297	0	
7006072851	14026134600	0	
7006072851	39863576100	0	
7006072851	55397805500	0	
7006124434	7007146843	0	
7006124434	7201503414	0	
7006124434	8898245400	0	
7006124434	21739430000	0	
7006124434	35546487200	0	
7006124434	36879681900	0	
7006152331	7006245680	0	
7006152331	7006521400	0	
7006152331	7103050396	0	
7006152331	7201619461	0	
7006152331	7202130826	0	
7006152331	7403375239	0	
7006152331	8317570500	0	
7006152331	8912617600	0	
7006152331	14018133900	0	
7006152331	22634096700	0	
7006152331	22958226200	0	
7006152331	23098106900	0	
7006152331	23392686800	0	
7006152331	35176747200	0	
7006152331	37031942200	0	
7006152331	54926589600	0	
7006152331	56416580100	0	
7006152331	57062621600	0	
7006161183	12797891000	0	
7006161183	17134196300	0	
7006198578	26540762500	0	
7006198578	34975087600	0	
7006198663	15052480500	0	
7006202373	7006470104	0	
7006202373	7202770145	0	
7006202373	7402572200	0	
7006202373	7403375239	0	
7006202373	8328719800	0	
7006202373	23989944000	0	
7006202373	55728217700	0	
7006219601	15061212500	0	
7006220926	7202300513	0	
7006220926	7403375239	0	
7006220926	7407715018	0	
7006220926	12768267800	0	
7006220926	16047737400	0	
7006220926	25031538900	0	
7006220926	55637847000	0	
7006220926	56410957700	0	
7006238724	7201969579	0	
7006238724	40160927000	0	
7006245680	18134896800	0	
7006245680	22634096700	0	
7006245680	22958226200	0	
7006245680	23392686800	0	
7006245680	35576436600	0	
7006245680	54926589600	0	
7006245680	56232359700	0	
7006245680	57062621600	0	
7006285665	7403413176	0	
7006286207	55246766200	0	
7006304840	7102413157	0	
7006304840	7102875119	0	
7006304840	7103004725	0	
7006304840	7404316832	0	
7006304840	7405442386	0	
7006304840	11739172000	0	
7006304840	22033484600	0	
7006304840	56066325000	0	
7006317098	13806661900	0	
7006317297	16047585400	0	
7006317297	36470382400	0	
7006317297	36672950500	0	
7006317297	55477759100	0	
7006338821	7102645092	0	
7006338821	7103045935	0	
7006338821	7201441882	0	
7006338821	7401743864	0	
7006338821	7402363193	0	
7006338821	8836130200	0	
7006338821	11640936600	0	
7006338821	22033484600	0	
7006338821	25942750500	0	
7006338821	35513093100	0	
7006338821	36601582500	0	
7006354808	7102025822	0	
7006354808	8572479500	0	
7006354808	11640936600	0	
7006354808	23670172700	0	
7006354808	36009669000	0	
7006354808	55118072100	0	
7006354808	55729607500	0	
7006357059	7103175808	0	
7006357059	7403558854	0	
7006357059	23003901000	0	
7006357059	35459098300	0	
7006357059	36990760500	0	
7006357059	51261158100	0	
7006359164	7601530902	0	
7006359164	23994680200	0	
7006359164	35361856800	0	
7006359164	55636320635	0	
7006359164	56363315000	0	
7006364103	36450898500	0	
7006364103	56305942100	0	
7006372340	7102543245	0	
7006388111	7202247060	0	
7006388111	7202256432	0	
7006388111	9743302900	0	
7006388111	35264572500	0	
7006388111	35932102100	0	
7006420049	7103050396	0	
7006420049	8317570500	0	
7006420049	8614519800	0	
7006420049	14018133900	0	
7006420049	18134896800	0	
7006420049	35918127600	0	
7006420049	56416580100	0	
7006420049	56715077900	0	
7006458343	7102190660	0	
7006458343	7403199865	0	
7006458343	35795912200	0	
7006463850	7102515796	0	
7006463850	14047073600	0	
7006463850	18134896800	0	
7006463850	23096634500	0	
7006463850	23134439700	0	
7006463850	24828815600	0	
7006463850	26535963800	0	
7006463850	54790555300	0	
7006471270	7102228612	0	
7006473234	7202209456	0	
7006473234	8292171500	0	
7006473234	35344606200	0	
7006478950	56894633200	0	
7006494073	7102452245	0	
7006494073	7404080538	0	
7006517904	7202603961	0	
7006517904	7801473197	0	
7006517904	15070281500	0	
7006517904	24469102300	0	
7006517904	56213146300	0	
7006521400	7103050396	0	
7006521400	7202130826	0	
7006521400	7403375239	0	
7006521400	8317570500	0	
7006521400	8912617600	0	
7006521400	14018133900	0	
7006521400	35176747200	0	
7006521400	37031942200	0	
7006521400	56232359700	0	
7006521400	56416580100	0	
7006581142	7404554796	0	
7006581142	7407715018	0	
7006598190	8836130200	0	
7006598190	22033484600	0	
7006598190	23391940700	0	
7006598190	25942750500	0	
7006602658	7102657559	0	
7006602658	7201363666	0	
7006602658	23866118600	0	
7006608722	35434276500	0	
7006622421	7102790528	0	
7006730152	7006980393	0	
7006730152	24348048800	0	
7006767616	7201544352	0	
7006767616	7406869132	0	
7006767616	35354030100	0	
7006781333	7103273637	0	
7006781333	7402001557	0	
7006781333	8555606800	0	
7006781333	54407349800	0	
7006787741	7006981350	0	
7006787741	7404080538	0	
7006787741	7404115272	0	
7006787741	23112702700	0	
7006787741	37030890400	0	
7006825969	18134896800	0	
7006828349	26642955300	0	
7006837261	7007062770	0	
7006837261	39762111800	0	
7006868096	7007146506	0	
7006868096	7102256591	0	
7006868096	25825549800	0	
7006868096	35480394500	0	
7006868096	55741067300	0	
7006885362	7404782351	0	
7006885362	8924119700	0	
7006885362	12244634700	0	
7006885362	35552191200	0	
7006891872	7202300513	0	
7006892165	22940492900	0	
7006959917	7102790528	0	
7006959917	7202968029	0	
7006963909	7007141762	0	
7006963909	7201503414	0	
7006963909	8725110300	0	
7006980393	7101651088	0	
7006980393	7407715018	0	
7006980393	14622343900	0	
7006980393	16047737400	0	
7006980393	56410957700	0	
7006981350	7007134059	0	
7006981350	7102056911	0	
7006981350	7410012234	0	
7006981350	15062921200	0	
7006981350	24576903900	0	
7006981350	35501588100	0	
7006981350	55118072100	0	
7007020555	23392686800	0	
7007050019	35206257800	0	
7007050019	56238506800	0	
7007061840	36047173900	0	
7007061840	54790555300	0	
7007061840	56831427800	0	
7007062770	7203002490	0	
7007062770	39762111800	0	
7007064036	35565271400	0	
7007064036	53983519900	0	
7007087126	9940941000	0	
7007087126	26030966000	0	
7007087126	26323522500	0	
7007087126	40661828600	0	
7007088574	7407012375	0	
7007094071	7102790528	0	
7007094071	7103333118	0	
7007094071	7403375239	0	
7007094071	9739159000	0	
7007094071	17342282600	0	
7007094071	17346408800	0	
7007094071	23027574700	0	
7007094071	26644781000	0	
7007094071	35082133500	0	
7007094071	35492295700	0	
7007094071	35760459800	0	
7007094071	55547134962	0	
7007131465	7102515796	0	
7007131465	7103381193	0	
7007134059	7007146506	0	
7007134059	8544854300	0	
7007134059	8663589500	0	
7007134059	15519204900	0	
7007134059	22953072100	0	
7007134059	35331336200	0	
7007141762	7103375509	0	
7007141762	7201503414	0	
7007141762	35241344600	0	
7007146506	7102256591	0	
7007146506	25825549800	0	
7007146506	35331336200	0	
7007146506	35480394500	0	
7007146506	55664771300	0	
7007146506	55741067300	0	
7007146843	7201503414	0	
7007146843	8898245400	0	
7007146843	21739430000	0	
7007146843	35546487200	0	
7007146843	36879681900	0	
7007150966	7103273637	0	
7007150966	7402001557	0	
7007150966	8555606800	0	
7007150966	35303178200	0	
7007150966	54407349800	0	
7007152090	7103004725	0	
7007152090	7401743864	0	
7007152090	7404316832	0	
7007152090	7404756487	0	
7007152090	7405442386	0	
7007152090	35552191200	0	
7007152090	55965509500	0	
7007165509	7101738221	0	
7007183677	8574668200	0	
7007183677	23392686800	0	
7007183677	36463390200	0	
7101609907	7102659562	0	
7101609907	7402063369	0	
7101609907	39762111800	0	
7101609907	49561054200	0	
7101612726	18041872100	0	
7101612726	23486780300	0	
7101612726	24766131800	0	
7101612726	56060929100	0	
7101651088	7407715018	0	
7101651088	16047737400	0	
7101651088	24348048800	0	
7101651088	56410957700	0	
7101665539	7402648087	0	
7101665539	13608462300	0	
7101674848	7403413176	0	
7101736481	7102790528	0	
7101738221	7102056911	0	
7101738221	7402995101	0	
7101738221	7403484501	0	
7101738221	35501588100	0	
7101752462	7201544352	0	
7101752462	7406869132	0	
7101752462	35354030100	0	
7101782212	7103110030	0	
7101782212	36047173900	0	
7101782212	54790555300	0	
7101782212	56831427800	0	
7101888040	35600851100	0	
7101974168	8534063200	0	
7101974168	30267724400	0	
7101974168	35215230600	0	
7101974168	35216602300	0	
7101999176	7102079606	0	
7102013918	26023774000	0	
7102013918	34668636100	0	
7102013918	36040250900	0	
7102025822	8782765300	0	
7102029714	35241344600	0	
7102029714	36127407400	0	
7102029714	55536052300	0	
7102056911	7402837574	0	
7102056911	7402995101	0	
7102056911	7403484501	0	
7102056911	23112702700	0	
7102056911	25923110500	0	
7102068059	7202203221	0	
7102068059	34572176500	0	
7102068059	35241344600	0	
7102068059	55463548900	0	
7102074464	55704267300	0	
7102079606	7202944710	0	
7102079606	7202997285	0	
7102079606	8628618900	0	
7102079606	35799637000	0	
7102079606	54407361600	0	
7102141936	7102395155	0	
7102141936	36041222400	0	
7102157409	7403413176	0	
7102190660	18134896800	0	
7102228612	7402198867	0	
7102228612	55716760600	0	
7102237655	7102659562	0	
7102237655	49561054200	0	
7102237655	55902203700	0	
7102293584	13605440600	0	
7102355745	7801585789	0	
7102355745	18035031300	0	
7102395155	7102933900	0	
7102395155	15021120400	0	
7102413157	7103004725	0	
7102413157	7404756487	0	
7102413157	25942750500	0	
7102413157	35513093100	0	
7102413157	35552191200	0	
7102413157	55965509500	0	
7102413157	56066325000	0	
7102415947	7103412351	0	
7102415947	9043346900	0	
7102415947	56352797900	0	
7102452245	7404080538	0	
7102515796	7103176729	0	
7102515796	7401743864	0	
7102515796	14047073600	0	
7102515796	18134896800	0	
7102515796	35513093100	0	
7102515796	36236934800	0	
7102515796	56066325000	0	
7102515796	56894633200	0	
7102515796	56962745200	0	
7102543245	7402695451	0	
7102543245	22953072100	0	
7102543245	27967512700	0	
7102543245	35480394500	0	
7102543245	36454281000	0	
7102543245	55741067300	0	
7102548710	7102997277	0	
7102548710	9237980100	0	
7102548710	35370839400	0	
7102615721	7103045935	0	
7102615721	7201441882	0	
7102615721	7201829014	0	
7102615721	7402398883	0	
7102615721	7501903821	0	
7102615721	7801585789	0	
7102615721	18134896800	0	
7102615721	23112702700	0	
7102615721	23670172700	0	
7102615721	24576903900	0	
7102615721	36009669000	0	
7102645092	8836130200	0	
7102645092	22033484600	0	
7102645092	25942750500	0	
7102645092	34975087600	0	
7102657559	7103123247	0	
7102657559	7201477470	0	
7102657559	10143812700	0	
7102657559	39863576100	0	
7102657559	55246766200	0	
7102790528	7102949196	0	
7102790528	7103333118	0	
7102790528	7201847823	0	
7102790528	7202968029	0	
7102790528	7401595128	0	
7102790528	8666559700	0	
7102790528	15840553700	0	
7102790528	17342282600	0	
7102790528	26644781000	0	
7102790528	35492295700	0	
7102839169	7103175808	0	
7102839169	7402623968	0	
7102839169	23491993300	0	
7102839169	35083301600	0	
7102875119	7401743864	0	
7102875119	23391940700	0	
7102875119	35513093100	0	
7102881729	30267724400	0	
7102881729	35216602300	0	
7102888601	8570536600	0	
7102890372	7103004725	0	
7102890372	7403375239	0	
7102890372	23768336700	0	
7102890372	55732317300	0	
7102890890	24166445600	0	
7102933900	56211121300	0	
7102949196	7103273637	0	
7102949196	7202300513	0	
7102949196	8268605100	0	
7102949196	36943903600	0	
7102949196	54407349800	0	
7102997277	7402605385	0	
7103004725	7401743864	0	
7103004725	7404756487	0	
7103004725	15750005900	0	
7103004725	25942750500	0	
7103004725	35513093100	0	
7103004725	35552191200	0	
7103004725	55965509500	0	
7103021053	7201619461	0	
7103021053	18134896800	0	
7103023821	26867949500	0	
7103045935	8983376400	0	
7103045935	23112702700	0	
7103045935	23670172700	0	
7103045935	24576903900	0	
7103045935	36009669000	0	
7103045935	55729607500	0	
7103050396	7201619461	0	
7103050396	7202130826	0	
7103050396	7403375239	0	
7103050396	8614519800	0	
7103050396	35176747200	0	
7103050396	36850333000	0	
7103050396	37031942200	0	
7103050396	56208125700	0	
7103050396	56232359700	0	
7103065786	36657289400	0	
7103110030	56831427800	0	
7103123247	7201363666	0	
7103123247	8534063200	0	
7103123247	23866118600	0	
7103123247	30267724400	0	
7103123247	35215230600	0	
7103123247	35216602300	0	
7103176729	23096634500	0	
7103194745	55463548900	0	
7103215858	14071552500	0	
7103228528	26642955300	0	
7103273637	7202770145	0	
7103273637	7402781853	0	
7103273637	7403547748	0	
7103273637	8268605100	0	
7103273637	26540762500	0	
7103283278	15048482400	0	
7103333118	15840553700	0	
7103333118	17342282600	0	
7103333118	26644781000	0	
7103333118	35082133500	0	
7103333118	35492295700	0	
7103351925	35190577100	0	
7103355524	56261729500	0	
7103375509	7201503414	0	
7103375509	8725110300	0	
7103375509	35493082200	0	
7103412351	7103413149	0	
7103412351	36794924600	0	
7103412351	55231577800	0	
7103413149	7202926101	0	
7103413149	7203014287	0	
7103413149	9043346900	0	
7103413149	35493082200	0	
7201356965	22940492900	0	
7201363666	7201477470	0	
7201363666	7201803297	0	
7201363666	10143812700	0	
7201363666	14026134600	0	
7201363666	39863576100	0	
7201363666	55246766200	0	
7201363666	55397805500	0	
7201398314	7401743864	0	
7201398314	35600851100	0	
7201398314	35725925000	0	
7201398314	36672590200	0	
7201427823	55463548900	0	
7201437287	8581387400	0	
7201441882	7402695451	0	
7201441882	7403375239	0	
7201441882	8983376400	0	
7201441882	23112702700	0	
7201441882	24576903900	0	
7201441882	55546514600	0	
7201463807	8574668200	0	
7201463807	23392686800	0	
7201477470	7201803297	0	
7201477470	14026134600	0	
7201477470	23866118600	0	
7201477470	55397805500	0	
7201503414	8898245400	0	
7201503414	21739430000	0	
7201503414	35546487200	0	
7201503414	36879681900	0	
7201544352	36037012700	0	
7201555732	7401743864	0	
7201555732	35600851100	0	
7201555732	35725925000	0	
7201555732	36672590200	0	
7201559188	7402987614	0	
7201559188	7404521048	0	
7201559188	15839360500	0	
7201576485	24340921000	0	
7201576485	26023774000	0	
7201576485	34668636100	0	
7201576485	36040250900	0	
7201589043	26642955300	0	
7201589050	7402946297	0	
7201589050	7403199865	0	
7201589050	35557662000	0	
7201619461	7202130826	0	
7201619461	7403375239	0	
7201619461	8317570500	0	
7201619461	8912617600	0	
7201619461	14018133900	0	
7201619461	35176747200	0	
7201619461	37031942200	0	
7201619461	56232359700	0	
7201619461	56416580100	0	
7201803297	39863576100	0	
7201829014	7401799217	0	
7201829014	8576293200	0	
7201829014	8711940600	0	
7201829014	8983376400	0	
7201829014	16401181100	0	
7201829014	55118072100	0	
7201829014	55398552300	0	
7201922790	7202524433	0	
7201969579	15730693500	0	
7202106706	7404784213	0	
7202106706	22133336600	0	
7202130826	7403375239	0	
7202130826	8317570500	0	
7202130826	8912617600	0	
7202130826	14018133900	0	
7202130826	35176747200	0	
7202130826	37031942200	0	
7202130826	56232359700	0	
7202130826	56416580100	0	
7202203221	35241344600	0	
7202229758	7401743864	0	
7202229758	35600851100	0	
7202229758	35725925000	0	
7202229758	36672590200	0	
7202237255	7401851970	0	
7202237255	12775622400	0	
7202237255	13409491200	0	
7202237255	23100684200	0	
7202237255	35517179900	0	
7202247060	35932102100	0	
7202256432	35932102100	0	
7202300513	7202770145	0	
7202300513	7402695451	0	
7202300513	7407715018	0	
7202300513	8875452700	0	
7202300513	9739159000	0	
7202300513	10240970300	0	
7202300513	12768267800	0	
7202300513	14012356200	0	
7202300513	16047737400	0	
7202300513	17135901600	0	
7202300513	18134896800	0	
7202300513	23491992800	0	
7202300513	24279929400	0	
7202300513	25031538900	0	
7202300513	34768906000	0	
7202300513	35073824600	0	
7202300513	55476235600	0	
7202300513	55546514600	0	
7202300513	55547134962	0	
7202300513	55637847000	0	
7202300513	55732317300	0	
7202300513	56410957700	0	
7202300513	56623994700	0	
7202523747	7501826573	0	
7202530401	8502758500	0	
7202530401	24788343100	0	
7202603961	7801473197	0	
7202603961	15070281500	0	
7202603961	24469102300	0	
7202670672	7202930325	0	
7202674608	37038643700	0	
7202688275	26642955300	0	
7202770145	8555606800	0	
7202770145	35303178200	0	
7202770145	54407349800	0	
7202770145	55409106600	0	
7202797059	12240341100	0	
7202926101	7403891425	0	
7202926101	15750005900	0	
7202926101	35233066800	0	
7202926101	55121719000	0	
7202926101	56235307600	0	
7202930325	55661752300	0	
7202930325	56258090400	0	
7202968029	7401595128	0	
7202968029	7402946297	0	
7202968029	8666559700	0	
7202997285	16424728500	0	
7202997285	35799637000	0	
7203002490	39762111800	0	
7203014287	7402486645	0	
7203014287	24077896400	0	
7203014287	35464598700	0	
7203014287	36794924600	0	
7203014287	55231577800	0	
7203071251	7407715018	0	
7203071251	57139703800	0	
7401449424	18134896800	0	
7401449424	37031942200	0	
7401743864	7403373824	0	
7401743864	8836130200	0	
7401743864	11739172000	0	
7401743864	15750005900	0	
7401743864	22033484600	0	
7401743864	23391940700	0	
7401799217	7402398883	0	
7401799217	8576293200	0	
7401799217	8983376400	0	
7401799217	36875904800	0	
7401799217	55118072100	0	
7401799217	55500499500	0	
7401851970	23006658500	0	
7401884369	9940941000	0	
7401884369	35789703700	0	
7401994245	14830083600	0	
7401994245	55911941600	0	
7402001557	7402572200	0	
7402001557	7402781853	0	
7402001557	7403375239	0	
7402001557	23989944000	0	
7402001557	26540762500	0	
7402001557	55728217700	0	
7402063369	39762111800	0	
7402172077	7404554796	0	
7402172077	7407715018	0	
7402204673	7403891425	0	
7402204673	8866509500	0	
7402204673	15750005900	0	
7402363193	15052480500	0	
7402363193	23391940700	0	
7402398883	16401181100	0	
7402398883	35932102100	0	
7402465870	15070281500	0	
7402465870	24469102300	0	
7402465870	56266429700	0	
7402486645	9043346900	0	
7402486645	35602549900	0	
7402486645	55636320635	0	
7402572200	7403375239	0	
7402572200	23989944000	0	
7402605385	8532972400	0	
7402605385	9237980100	0	
7402605385	15831814800	0	
7402605385	55965509500	0	
7402623968	16047747900	0	
7402623968	23491993300	0	
7402623968	35083301600	0	
7402623968	56235307600	0	
7402648087	13608462300	0	
7402648087	35557662000	0	
7402695451	9739159000	0	
7402695451	10240970300	0	
7402695451	12768267800	0	
7402695451	14012356200	0	
7402695451	18134896800	0	
7402695451	23491992800	0	
7402695451	25031538900	0	
7402695451	34768906000	0	
7402695451	55118072100	0	
7402695451	55547134962	0	
7402695451	55637847000	0	
7402695451	55732317300	0	
7402695451	56488474100	0	
7402695451	56623994700	0	
7402781853	54407349800	0	
7402837574	7402995101	0	
7402837574	7403484501	0	
7402837574	35501588100	0	
7402924750	7403891425	0	
7402924750	8866509500	0	
7402924750	15750005900	0	
7402946297	24173309900	0	
7402946297	36196927000	0	
7402987614	15839360500	0	
7402987614	55161582900	0	
7402995101	7403484501	0	
7402995101	35501588100	0	
7403039407	7801585789	0	
7403039407	18035031300	0	
7403039407	24821920900	0	
7403077705	14830083600	0	
7403077705	23095967500	0	
7403077705	36917003600	0	
7403077705	53866199400	0	
7403077705	55238869000	0	
7403077705	55911941600	0	
7403176934	23027574700	0	
7403176934	56488474100	0	
7403373824	35600851100	0	
7403373824	35725925000	0	
7403373824	36672590200	0	
7403375239	7407715018	0	
7403375239	8317570500	0	
7403375239	8912617600	0	
7403375239	14018133900	0	
7403375239	14122995300	0	
7403375239	15041790900	0	
7403375239	15840553700	0	
7403375239	16047737400	0	
7403375239	17346408800	0	
7403375239	23027574700	0	
7403375239	23989944000	0	
7403375239	24822964100	0	
7403375239	35176747200	0	
7403375239	35448456500	0	
7403375239	37031942200	0	
7403375239	38461431400	0	
7403375239	55118072100	0	
7403375239	55409106600	0	
7403375239	55728217700	0	
7403375239	56232359700	0	
7403375239	56238765200	0	
7403375239	56410957700	0	
7403375239	56416580100	0	
7403375239	56488474100	0	
7403375239	56493346600	0	
7403413176	16027931800	0	
7403413176	35262057800	0	
7403413176	54789293200	0	
7403413176	55660293000	0	
7403484501	35501588100	0	
7403484501	56963301700	0	
7403547748	8555606800	0	
7403547748	35303178200	0	
7403547748	54407349800	0	
7403547748	55409106600	0	
7403558854	16047747900	0	
7403558854	23003901000	0	
7403558854	35083648000	0	
7403558854	35459098300	0	
7403558854	36990760500	0	
7403558854	51261158100	0	
7403558854	56235307600	0	
7403891425	7404782351	0	
7403891425	10142188800	0	
7403891425	15750005900	0	
7404080538	7404115272	0	
7404080538	35501588100	0	
7404115272	7406813308	0	
7404115272	8877122600	0	
7404115272	35501588100	0	
7404115272	37030890400	0	
7404176673	26023774000	0	
7404176673	34668636100	0	
7404176673	36040250900	0	
7404316832	15750005900	0	
7404316832	25942750500	0	
7404316832	35513093100	0	
7404316832	56066325000	0	
7404521048	15839360500	0	
7404521048	55161582900	0	
7404554796	16047737400	0	
7404554796	56410957700	0	
7404579767	56532556200	0	
7404756487	15750005900	0	
7404756487	35552191200	0	
7404756487	55965509500	0	
7404782351	8866509500	0	
7404782351	15750005900	0	
7404782351	35233066800	0	
7404782351	36811507300	0	
7404782351	56235307600	0	
7404784213	15728521600	0	
7404784213	15759948400	0	
7404784213	23006658500	0	
7404784213	23100684200	0	
7405442386	15750005900	0	
7405442386	25942750500	0	
7405442386	35513093100	0	
7405442386	56066325000	0	
7406654548	15728521600	0	
7406654548	15759948400	0	
7406654548	23006658500	0	
7406654548	23100684200	0	
7406654548	23971361500	0	
7406813308	8206133100	0	
7406813308	24833036600	0	
7406869132	16190557100	0	
7406869132	55653578600	0	
7407715018	12768267800	0	
7407715018	24348048800	0	
7407715018	25031538900	0	
7407715018	55637847000	0	
7407715018	57139703800	0	
7408418303	26664700100	0	
7410012234	55664771300	0	
7501826573	8945608700	0	
7501826573	16047585400	0	
7501826573	36470382400	0	
7501826573	36672950500	0	
7501826573	55477759100	0	
7501903821	8242110200	0	
7501903821	18035031300	0	
7501903821	24821920900	0	
7501903821	36875904800	0	
7501903821	55118072100	0	
7501903821	55500499500	0	
7601530902	35602549900	0	
7801460742	26643603500	0	
7801473197	15070281500	0	
7801473197	24469102300	0	
7801473197	56213146300	0	
7801585789	8242110200	0	
7801585789	36875904800	0	
7801585789	55118072100	0	
7801585789	55180868700	0	
7801585789	55500499500	0	
8206133100	8877122600	0	
8206133100	35279863900	0	
8242110200	8576293200	0	
8242110200	8983376400	0	
8242110200	55118072100	0	
8268605100	54407349800	0	
8292171500	55661752300	0	
8292171500	56258090400	0	
8317570500	8614519800	0	
8317570500	35176747200	0	
8317570500	36850333000	0	
8317570500	37031942200	0	
8317570500	56208125700	0	
8317570500	56232359700	0	
8502758500	24788343100	0	
8532972400	35493082200	0	
8532972400	56250219400	0	
8534063200	16027931800	0	
8544665500	13806661900	0	
8544854300	55664771300	0	
8548516000	35556044500	0	
8555606800	26540762500	0	
8574668200	22634096700	0	
8574668200	35576436600	0	
8574668200	57062621600	0	
8576293200	8983376400	0	
8576293200	16401181100	0	
8576293200	36875904800	0	
8576293200	55118072100	0	
8576293200	55500499500	0	
8581387400	8917921400	0	
8581387400	8917922000	0	
8581387400	55759248600	0	
8614519800	14018133900	0	
8614519800	18134896800	0	
8614519800	35918127600	0	
8614519800	36850333000	0	
8614519800	56208125700	0	
8614519800	56416580100	0	
8645294600	36672590200	0	
8663589500	23112702700	0	
8673295500	24759275000	0	
8673295500	34572176500	0	
8725110300	35598850600	0	
8836130200	34975087600	0	
8836130200	35513093100	0	
8836130200	36601582500	0	
8836132500	34975087600	0	
8866509500	10142188800	0	
8866509500	35552191200	0	
8877122600	12772874700	0	
8898106600	18038242500	0	
8898245400	21739430000	0	
8898245400	35546487200	0	
8898245400	36879681900	0	
8912617600	35176747200	0	
8912617600	35918127600	0	
8912617600	37031942200	0	
8912617600	56232359700	0	
8912617600	56715077900	0	
8917921400	35602909900	0	
8917922000	35602909900	0	
8924119700	24725419500	0	
8924119700	55240698400	0	
8983376400	16401181100	0	
8983376400	23112702700	0	
8983376400	23670172700	0	
8983376400	24576903900	0	
8983376400	36009669000	0	
8983376400	36875904800	0	
8983376400	55500499500	0	
9043346900	24077896400	0	
9043346900	36794924600	0	
9043346900	55231577800	0	
9043346900	56352797900	0	
9739159000	10240970300	0	
9739159000	12768267800	0	
9739159000	14012356200	0	
9739159000	15840553700	0	
9739159000	17346408800	0	
9739159000	18134896800	0	
9739159000	23027574700	0	
9739159000	23491992800	0	
9739159000	25031538900	0	
9739159000	34768906000	0	
9739159000	55546514600	0	
9739159000	55637847000	0	
9739159000	55732317300	0	
9739159000	56238765200	0	
9739159000	56488474100	0	
9742361700	36127407400	0	
9743302900	35264572500	0	
9940941000	13411378700	0	
9940941000	35789703700	0	
10142188800	15750005900	0	
10143812700	23866118600	0	
10240970300	12768267800	0	
10240970300	15041790900	0	
10240970300	17346408800	0	
10240970300	18134896800	0	
10240970300	23491992800	0	
10240970300	25031538900	0	
10240970300	34768906000	0	
10240970300	36850333000	0	
10240970300	55546514600	0	
10240970300	55547134962	0	
10240970300	55637847000	0	
10240970300	55732317300	0	
10240970300	56208125700	0	
10240970300	56488474100	0	
10240970300	56623994700	0	
10240970300	56715077900	0	
11640936600	23670172700	0	
11640936600	36009669000	0	
11640936600	55118072100	0	
11640936600	55729607500	0	
11739172000	25942750500	0	
11739172000	35513093100	0	
11739778600	35799637000	0	
11739778600	55500414800	0	
12143739400	25723287200	0	
12240341100	26321373100	0	
12244634700	24725419500	0	
12768267800	14012356200	0	
12768267800	16047737400	0	
12768267800	18134896800	0	
12768267800	23491992800	0	
12768267800	24822964100	0	
12768267800	34768906000	0	
12768267800	55546514600	0	
12768267800	55547134962	0	
12768267800	55732317300	0	
12768267800	56410957700	0	
12768267800	56623994700	0	
12772874700	24833036600	0	
12775622400	23100684200	0	
12780741800	24460284900	0	
12781058100	18041872100	0	
12781058100	23486780300	0	
12781058100	24766131800	0	
12781058100	56060929100	0	
12785303300	23392686800	0	
13406867000	35565348900	0	
13409491200	15759948400	0	
13409491200	23100684200	0	
13411378700	35789703700	0	
13605356600	16238308400	0	
13605440600	36850333000	0	
13605440600	56208125700	0	
13605440600	56715077900	0	
13806661900	23092759400	0	
13806661900	55477387200	0	
14012356200	15840553700	0	
14012356200	18134896800	0	
14012356200	23027574700	0	
14012356200	23491992800	0	
14012356200	25031538900	0	
14012356200	34768906000	0	
14012356200	55546514600	0	
14012356200	55547134962	0	
14012356200	55637847000	0	
14012356200	55732317300	0	
14012356200	56238765200	0	
14015779300	16047585400	0	
14015779300	36470382400	0	
14015779300	36672950500	0	
14015779300	55477759100	0	
14015779300	57053593000	0	
14016571600	35556044500	0	
14018133900	35176747200	0	
14018133900	36850333000	0	
14018133900	37031942200	0	
14018133900	56208125700	0	
14018133900	56232359700	0	
14026134600	39863576100	0	
14032004300	37038643700	0	
14047073600	18134896800	0	
14047073600	23096634500	0	
14059179200	16424728500	0	
14059179200	26642955300	0	
14122995300	23027574700	0	
14122995300	38461431400	0	
14122995300	55546514600	0	
14122995300	56623994700	0	
14622343900	24348048800	0	
14629615500	56235307600	0	
14919060800	56238765200	0	
14919060800	56488474100	0	
14919060800	56623994700	0	
15021120400	56211121300	0	
15041790900	15840553700	0	
15041790900	17346408800	0	
15041790900	23027574700	0	
15041790900	56623994700	0	
15048482400	56894633200	0	
15052480500	35448456500	0	
15052480500	36522325700	0	
15062921200	55664771300	0	
15070281500	56213146300	0	
15519204900	55664771300	0	
15728521600	23006658500	0	
15728521600	35399298000	0	
15730693500	40160927000	0	
15739411100	23768336700	0	
15750005900	55965509500	0	
15758808800	55127281100	0	
15759948400	22133336600	0	
15839360500	35932102100	0	
15839360500	55161582900	0	
15839410500	16047747900	0	
15840540400	36047173900	0	
15840540400	54790555300	0	
15840553700	17342282600	0	
15840553700	17346408800	0	
15840553700	23027574700	0	
15840553700	26644781000	0	
15840553700	35082133500	0	
15840553700	35492295700	0	
15840553700	35760459800	0	
15840553700	55547134962	0	
16027931800	30267724400	0	
16027931800	35215230600	0	
16027931800	35216602300	0	
16047585400	56981758400	0	
16047737400	24348048800	0	
16047737400	25031538900	0	
16047737400	55637847000	0	
16047737400	57139703800	0	
16047747900	27171618500	0	
16047747900	36861599500	0	
16190557100	35354030100	0	
16190557100	55653578600	0	
16238308400	35493082200	0	
16238308400	55644003934	0	
16245500300	55463548900	0	
16401181100	36875904800	0	
16401181100	55118072100	0	
16401181100	55500499500	0	
16424728500	35799637000	0	
16425664400	36041222400	0	
17134196300	35581695700	0	
17134196300	37666492900	0	
17135901600	23989944000	0	
17342282600	26644781000	0	
17342282600	35082133500	0	
17342282600	35492295700	0	
17343236100	57053593000	0	
17346408800	23027574700	0	
17346408800	55547134962	0	
17346408800	56238765200	0	
17346408800	56488474100	0	
18035031300	35492295700	0	
18038242500	35573408800	0	
18041872100	23110269700	0	
18041872100	24766131800	0	
18134896800	22634096700	0	
18134896800	22958226200	0	
18134896800	23096634500	0	
18134896800	23098106900	0	
18134896800	23100931600	0	
18134896800	23392686800	0	
18134896800	23491992800	0	
18134896800	25031538900	0	
18134896800	25422390300	0	
18134896800	34768906000	0	
18134896800	35448456500	0	
18134896800	35576436600	0	
18134896800	36850333000	0	
18134896800	54926589600	0	
18134896800	55546514600	0	
18134896800	55547134962	0	
18134896800	55637847000	0	
18134896800	55732317300	0	
18134896800	56208125700	0	
18134896800	56623994700	0	
18134896800	57062621600	0	
21739430000	35546487200	0	
21739430000	36879681900	0	
22033484600	34975087600	0	
22033484600	35513093100	0	
22033484600	36601582500	0	
22634096700	23098106900	0	
22634096700	56232359700	0	
22953072100	27967512700	0	
22953072100	35331336200	0	
22953072100	36454281000	0	
22953072100	55664771300	0	
22958159600	56013664200	0	
22958226200	23098106900	0	
22958226200	23392686800	0	
22958226200	35576436600	0	
22958226200	56232359700	0	
23012924700	55127281100	0	
23027574700	55546514600	0	
23027574700	55547134962	0	
23027574700	56238765200	0	
23095433900	23100931600	0	
23095433900	23134439700	0	
23095433900	26535963800	0	
23095433900	54790555300	0	
23095967500	36917003600	0	
23095967500	53866199400	0	
23095967500	55238869000	0	
23096634500	23471100000	0	
23096634500	36236934800	0	
23096634500	56243047200	0	
23096634500	56894633200	0	
23098106900	23392686800	0	
23098106900	35576436600	0	
23098106900	54926589600	0	
23098106900	56232359700	0	
23098106900	57062621600	0	
23100931600	36047173900	0	
23110269700	23486780300	0	
23110269700	24766131800	0	
23110269700	26425237700	0	
23110269700	56060929100	0	
23112702700	23670172700	0	
23112702700	35501588100	0	
23112702700	36009669000	0	
23112702700	55664771300	0	
23134439700	26535963800	0	
23391940700	34975087600	0	
23391940700	35513093100	0	
23392686800	54926589600	0	
23392686800	56232359700	0	
23396327300	55246766200	0	
23471100000	36672894400	0	
23491992800	25031538900	0	
23491992800	55409106600	0	
23491992800	55546514600	0	
23491992800	55547134962	0	
23491992800	55637847000	0	
23491992800	56493346600	0	
23491992800	56623994700	0	
23491993300	35083301600	0	
23493532800	34573717400	0	
23670172700	24576903900	0	
23670172700	55729607500	0	
23768336700	24773500300	0	
23768336700	34568561500	0	
23768336700	35546487200	0	
23768336700	55463548900	0	
23768336700	55945363800	0	
23866118600	39863576100	0	
23866118600	55246766200	0	
23970686100	54407349800	0	
23989944000	24279929400	0	
23989944000	55728217700	0	
23994680200	55636320635	0	
23994680200	56363315000	0	
24077896400	56352797900	0	
24348048800	56410957700	0	
24469102300	56213146300	0	
24480864900	35602549900	0	
24480864900	56363315000	0	
24576903900	36009669000	0	
24725419500	36811507300	0	
24725419500	55240698400	0	
24781006100	34975087600	0	
24821920900	55180868700	0	
24822964100	25031538900	0	
25031538900	34768906000	0	
25031538900	55546514600	0	
25031538900	55547134962	0	
25031538900	55732317300	0	
25031538900	56410957700	0	
25031538900	56623994700	0	
25223921400	35241344600	0	
25223921400	36127407400	0	
25223921400	55536052300	0	
25422390300	37031942200	0	
25923110500	35501588100	0	
25942750500	34975087600	0	
25942750500	36601582500	0	
25942750500	56066325000	0	
26023774000	34668636100	0	
26425237700	55205682600	0	
26535963800	54790555300	0	
26540762500	26643128700	0	
26540762500	35303178200	0	
26540762500	54407349800	0	
26540762500	55409106600	0	
26642955300	55500414800	0	
26643128700	34975087600	0	
26643603500	55893790600	0	
26644781000	35492295700	0	
34568561500	35546487200	0	
34568561500	55463548900	0	
34573717400	56229231800	0	
34768906000	55546514600	0	
34768906000	55547134962	0	
34768906000	55637847000	0	
34768906000	55732317300	0	
34768906000	56623994700	0	
34975087600	36086064800	0	
34975087600	36601582500	0	
34975087600	55072683900	0	
34975087600	55954425700	0	
35082133500	35492295700	0	
35176747200	37031942200	0	
35176747200	56232359700	0	
35176747200	56416580100	0	
35233066800	56235307600	0	
35238923500	55257016000	0	
35279863900	35620873200	0	
35331336200	55664771300	0	
35344606200	55661752300	0	
35344606200	56258090400	0	
35354030100	55653578600	0	
35361856800	55636320635	0	
35361856800	56363315000	0	
35370839400	35493082200	0	
35370839400	56250219400	0	
35399298000	35517179900	0	
35459098300	36990760500	0	
35459098300	51261158100	0	
35464598700	36127407400	0	
35464598700	55536052300	0	
35493082200	55965509500	0	
35501588100	37030890400	0	
35546487200	36879681900	0	
35552191200	36811507300	0	
35552191200	55965509500	0	
35557662000	36196927000	0	
35576436600	54926589600	0	
35600851100	35725593700	0	
35600851100	35725925000	0	
35602909900	55759248600	0	
35725593700	36672590200	0	
35760459800	56623994700	0	
35789703700	56277674900	0	
35795912200	36196927000	0	
35918127600	36850333000	0	
35918127600	56208125700	0	
35932102100	55415602700	0	
36009669000	55729607500	0	
36470382400	56981758400	0	
36672894400	56243047200	0	
36672950500	56981758400	0	
36811507300	55240698400	0	
36850333000	56416580100	0	
36875904800	55118072100	0	
36900343100	56277674900	0	
37031567800	53983519900	0	
37031942200	56232359700	0	
37031942200	56416580100	0	
38461431400	55546514600	0	
38461431400	56488474100	0	
38461431400	56623994700	0	
39863576100	55397805500	0	
54926589600	56232359700	0	
55118072100	55500499500	0	
55118072100	55546514600	0	
55118072100	55729607500	0	
55121719000	55231577800	0	
55121719000	56266068800	0	
55127281100	55957107700	0	
55463548900	55665875300	0	
55477759100	56981758400	0	
55546514600	55547134962	0	
55546514600	55637847000	0	
55546514600	55732317300	0	
55546514600	56623994700	0	
55547134962	55637847000	0	
55547134962	55732317300	0	
55547134962	56238765200	0	
55547134962	56488474100	0	
55636320635	56363315000	0	
55637847000	55732317300	0	
55637847000	56410957700	0	
55637847000	56623994700	0	
55732317300	56623994700	0	
55965509500	56250219400	0	
56208125700	56416580100	0	
56232359700	56416580100	0	
56232359700	57062621600	0	
56238765200	56488474100	0	
56488474100	56623994700	0	
56488474100	56715077900	0	
