6503934477	7004310052	1	
6504447524	7102131361	1	
6504631937	7402899348	1	
6504720954	7103023821	1	
6505848825	8544854300	1	
6506340186	7006598190	1	
6506340186	7102645092	1	
6506340186	7102875119	1	
6506470686	7006494073	1	
6506489967	7004517839	1	
6506658915	7004651360	1	
6506658915	7402363193	1	
6506658915	35448456500	1	
6506658915	36522325700	1	
6506715690	7403199865	1	
6506715690	8091938600	1	
6506883599	6701535060	1	
6507034370	7006338821	1	
6507107223	56273636100	1	
6507238466	7006161183	1	
6507302807	7103120387	1	
6507316702	7005351868	1	
6507316702	7202670672	1	
6507316702	55661752300	1	
6507316702	56258090400	1	
6507319250	36943903600	1	
6507373460	7006338821	1	
6507478836	7006238184	1	
6507478836	26648267200	1	
6507549292	7005509332	1	
6507669111	7005832728	1	
6508167343	56266429700	1	
6508233683	25031538900	1	
6508300103	7102118731	1	
6508330686	7402648087	1	
6508330686	56568839200	1	
6601921039	18134896800	1	
6602070791	35331336200	1	
6602078756	7403077705	1	
6602083362	7201589043	1	
6602083362	7202688275	1	
6602122815	7005588971	1	
6602122815	7006198578	1	
6602122815	26643128700	1	
6602166936	6602536293	1	
6602166936	7005509332	1	
6602193759	6603688692	1	
6602199264	23134439700	1	
6602199264	36047173900	1	
6602199264	54790555300	1	
6602275620	35569760500	1	
6602312423	7101999176	1	
6602312423	7202944710	1	
6602312423	8628618900	1	
6602317244	7102890372	1	
6602357719	6603309370	1	
6602456354	7004517839	1	
6602493276	55500499500	1	
6602536293	7005509332	1	
6602538061	6602650600	1	
6602538061	7201589050	1	
6602538061	35795912200	1	
6602560356	7005041518	1	
6602560356	7102790528	1	
6602560356	35082133500	1	
6602564073	7005473282	1	
6602564073	7201969579	1	
6602564073	40160927000	1	
6602573069	7005381667	1	
6602573069	7202648809	1	
6602573069	15758808800	1	
6602573069	23012924700	1	
6602573069	55957107700	1	
6602576519	7102413157	1	
6602576519	7404316832	1	
6602578184	55180868700	1	
6602593938	7003471235	1	
6602641966	7102543245	1	
6602650600	7201589050	1	
6602650600	35795912200	1	
6602661721	56235307600	1	
6602697491	7005794374	1	
6602697491	7202320323	1	
6602773067	7404080538	1	
6602776721	7103097384	1	
6602776721	7401953860	1	
6602776721	24344540600	1	
6602786140	6603367498	1	
6602786140	7102997277	1	
6602786140	9237980100	1	
6602807196	7601530902	1	
6602909483	56211121300	1	
6603017352	7004152939	1	
6603017352	7005544428	1	
6603017352	7006959917	1	
6603017352	7401595128	1	
6603017352	8666559700	1	
6603039413	23112702700	1	
6603039413	24576903900	1	
6603054447	7102832714	1	
6603058310	7006317297	1	
6603058310	7501826573	1	
6603058310	14015779300	1	
6603058310	56981758400	1	
6603075473	7601530902	1	
6603086026	13411378700	1	
6603153709	7006732929	1	
6603153709	7201961714	1	
6603153709	55488001400	1	
6603166792	6701907649	1	
6603166792	7003886257	1	
6603166792	43460993700	1	
6603176757	36811507300	1	
6603256714	7005822572	1	
6603298974	7102131361	1	
6603367498	7102997277	1	
6603367498	9237980100	1	
6603419344	7201477470	1	
6603419344	39863576100	1	
6603434769	7402623968	1	
6603434769	35083648000	1	
6603456404	7203002490	1	
6603463493	56270355500	1	
6603557042	6603942027	1	
6603557042	7006064486	1	
6603557042	7006837261	1	
6603635400	7004343937	1	
6603635400	7402222358	1	
6603635400	55472605100	1	
6603663597	35279863900	1	
6603683529	7005832728	1	
6603683529	7102025822	1	
6603683529	8572479500	1	
6603714197	7402063369	1	
6603740234	7006892165	1	
6603740234	7201356965	1	
6603779197	7003326336	1	
6603829222	24340921000	1	
6603847057	7003664246	1	
6603847057	22951387300	1	
6603858126	7501903821	1	
6603918821	6701656451	1	
6603918821	7201829014	1	
6603925846	15061212500	1	
6603942027	7006064486	1	
6603942027	7006837261	1	
6603956238	35493082200	1	
6604035521	7006245680	1	
6604035521	23098106900	1	
6604053821	7004120416	1	
6604053821	7004986644	1	
6604053821	7403558854	1	
6604053821	23491993300	1	
6604065969	7005572890	1	
6604065969	7005950900	1	
6604065969	55233289300	1	
6701315496	7004600415	1	
6701433020	7005457249	1	
6701476394	35511157700	1	
6701582903	7202317328	1	
6701582903	35620873200	1	
6701598339	7004454996	1	
6701598339	7006981954	1	
6701598339	56963301700	1	
6701610818	8534063200	1	
6701610818	30267724400	1	
6701610818	35215230600	1	
6701610818	35216602300	1	
6701656451	7201829014	1	
6701657642	7202247060	1	
6701657642	7202256432	1	
6701690013	55665875300	1	
6701710656	15062921200	1	
6701729204	7005670190	1	
6701729204	7402465870	1	
6701742256	7004735860	1	
6701753117	8553717000	1	
6701759489	7005645719	1	
6701765355	7004045049	1	
6701765355	14919060800	1	
6701776585	55965509500	1	
6701788765	7102615721	1	
6701788765	7401799217	1	
6701788765	16401181100	1	
6701800381	55734261100	1	
6701907649	7003886257	1	
6701907649	43460993700	1	
7003288176	15052480500	1	
7003290676	7004055453	1	
7003290676	23100931600	1	
7003290676	24828815600	1	
7003327753	7006219601	1	
7003327753	36672894400	1	
7003330133	36523204600	1	
7003383655	7006359164	1	
7003471235	7102118731	1	
7003471235	24329172200	1	
7003507552	7006068993	1	
7003520896	7201544352	1	
7003520896	16190557100	1	
7003556495	7004085574	1	
7003556495	7004278284	1	
7003556495	24279929400	1	
7003594078	35565271400	1	
7003610778	7005184258	1	
7003622015	7005624004	1	
7003624946	12797891000	1	
7003624946	35581695700	1	
7003624946	37666492900	1	
7003637871	7005184258	1	
7003639561	7102839169	1	
7003639561	23003901000	1	
7003639561	35459098300	1	
7003654380	7004045049	1	
7003654380	35760459800	1	
7003660662	8836132500	1	
7003660662	36086064800	1	
7003664246	22951387300	1	
7003688239	7005508221	1	
7003688239	7006420049	1	
7003688239	56208125700	1	
7003693242	7202930325	1	
7003693242	15765760900	1	
7003725116	7003999017	1	
7003725116	7004672634	1	
7003725116	22634096700	1	
7003725116	22958226200	1	
7003725116	57062621600	1	
7003765725	8544854300	1	
7003765725	35610732000	1	
7003794629	7003908635	1	
7003794629	7007183677	1	
7003794629	7201463807	1	
7003806408	35238923500	1	
7003806408	55257016000	1	
7003870500	7006238724	1	
7003870500	15730693500	1	
7003886257	43460993700	1	
7003908635	7007183677	1	
7003908635	7201463807	1	
7003999017	7004672634	1	
7003999017	22634096700	1	
7003999017	57062621600	1	
7004006430	8053124900	1	
7004010509	7102515796	1	
7004011979	34568561500	1	
7004021432	7103004725	1	
7004021432	11739172000	1	
7004026970	7401743864	1	
7004045049	14919060800	1	
7004045049	35760459800	1	
7004055453	23100931600	1	
7004055453	24828815600	1	
7004080203	8574668200	1	
7004080203	23392686800	1	
7004084109	7006023128	1	
7004084109	12772874700	1	
7004084109	24833036600	1	
7004085574	7004278284	1	
7004085574	24279929400	1	
7004094833	7005014985	1	
7004094833	15839360500	1	
7004094833	55415602700	1	
7004120416	7004986644	1	
7004120416	7403558854	1	
7004120416	23491993300	1	
7004149745	8614519800	1	
7004152939	7005544428	1	
7004152939	7006959917	1	
7004152939	7401595128	1	
7004152939	8666559700	1	
7004156524	7201363666	1	
7004219172	8544854300	1	
7004219172	15519204900	1	
7004230696	35725593700	1	
7004230696	35725925000	1	
7004230696	36672590200	1	
7004252645	37038643700	1	
7004275432	7202106706	1	
7004275432	7406654548	1	
7004275432	12775622400	1	
7004275432	13409491200	1	
7004275432	15759948400	1	
7004278284	24279929400	1	
7004280267	7006730152	1	
7004280267	14622343900	1	
7004304914	55231577800	1	
7004321158	7005057061	1	
7004330478	55574194096	1	
7004330478	56348218200	1	
7004341223	7102190660	1	
7004343937	55472605100	1	
7004370222	7006841486	1	
7004370222	7102888083	1	
7004375258	7006471270	1	
7004375258	7402198867	1	
7004397544	7404903557	1	
7004409485	7005823898	1	
7004409485	55240698400	1	
7004453850	7402605385	1	
7004454996	7006981954	1	
7004454996	56963301700	1	
7004456136	55463548900	1	
7004517839	12143739400	1	
7004557817	7202770145	1	
7004573128	22133336600	1	
7004638374	56305942100	1	
7004651360	7402363193	1	
7004651360	35448456500	1	
7004651360	36522325700	1	
7004672634	22634096700	1	
7004672634	22958226200	1	
7004672634	57062621600	1	
7004758558	7202674608	1	
7004870188	7103273637	1	
7004870188	23970686100	1	
7004954738	7103065786	1	
7004954738	13908246400	1	
7004954738	55031452000	1	
7004986644	7403558854	1	
7004986644	23491993300	1	
7005014985	15839360500	1	
7005041518	7102790528	1	
7005041518	26644781000	1	
7005041518	35082133500	1	
7005068838	7201411286	1	
7005129740	7102068059	1	
7005129740	8725110300	1	
7005181276	35569760500	1	
7005184258	7007088574	1	
7005231522	7403891425	1	
7005231522	35552191200	1	
7005351868	7202670672	1	
7005351868	55661752300	1	
7005351868	56258090400	1	
7005381667	7202648809	1	
7005381667	15758808800	1	
7005381667	23012924700	1	
7005381667	55957107700	1	
7005398936	7102395155	1	
7005398936	16425664400	1	
7005398936	56211121300	1	
7005434440	7403197330	1	
7005457249	35510788500	1	
7005465297	14071552500	1	
7005473282	7201969579	1	
7005473282	40160927000	1	
7005508221	7006420049	1	
7005508221	36850333000	1	
7005508221	56208125700	1	
7005508221	56715077900	1	
7005509332	7201803297	1	
7005509332	55397805500	1	
7005515220	55716760600	1	
7005521043	7007152090	1	
7005521043	7102413157	1	
7005521043	15750005900	1	
7005540123	7402001557	1	
7005543061	7101738221	1	
7005543061	24528809200	1	
7005544428	7006959917	1	
7005544428	7401595128	1	
7005544428	8666559700	1	
7005572890	7005950900	1	
7005572890	35740356200	1	
7005572890	55233289300	1	
7005576405	7005839318	1	
7005576405	7102079606	1	
7005576405	16424728500	1	
7005576405	26642955300	1	
7005588971	7006198578	1	
7005588971	26643128700	1	
7005601272	16245500300	1	
7005601272	55463548900	1	
7005603820	7103412351	1	
7005639387	7102791983	1	
7005639387	7103367295	1	
7005654856	7102056911	1	
7005654856	7404115272	1	
7005654856	35501588100	1	
7005670190	7402465870	1	
7005691850	7102013918	1	
7005691850	34668636100	1	
7005695286	7202968029	1	
7005695286	24173309900	1	
7005702785	7006463850	1	
7005702785	23095433900	1	
7005734918	7202209456	1	
7005734918	8292171500	1	
7005734918	35344606200	1	
7005736654	7101612726	1	
7005736654	12781058100	1	
7005736654	23110269700	1	
7005736654	26425237700	1	
7005747404	7501826573	1	
7005747404	56981758400	1	
7005753807	7006521400	1	
7005769227	7404521048	1	
7005794374	7102074464	1	
7005794374	7202320323	1	
7005794374	55704267300	1	
7005821604	7103082873	1	
7005823898	8924119700	1	
7005823898	12244634700	1	
7005823898	24725419500	1	
7005823898	36811507300	1	
7005823898	55240698400	1	
7005832728	7102025822	1	
7005833979	7007141762	1	
7005839318	26642955300	1	
7005869991	35509603200	1	
7005869991	36040250900	1	
7005950900	35740356200	1	
7005950900	55233289300	1	
7005953845	7102548710	1	
7005953845	7402605385	1	
7005991922	35190577100	1	
7006010107	7006317098	1	
7006010107	23092759400	1	
7006010107	55477387200	1	
7006013323	7103228528	1	
7006013323	11739778600	1	
7006037307	12777433600	1	
7006064486	7006837261	1	
7006152331	56232359700	1	
7006198578	26643128700	1	
7006238184	26648267200	1	
7006238724	15730693500	1	
7006245680	23098106900	1	
7006285665	55660293000	1	
7006286207	7006602658	1	
7006286207	7103123247	1	
7006286207	23396327300	1	
7006304840	25942750500	1	
7006317098	23092759400	1	
7006317098	55477387200	1	
7006317297	7501826573	1	
7006317297	14015779300	1	
7006317297	56981758400	1	
7006347216	7402959986	1	
7006348787	7402398883	1	
7006420049	56208125700	1	
7006463850	23095433900	1	
7006471270	7402198867	1	
7006478950	7103283278	1	
7006500064	9939724900	1	
7006577238	35598089800	1	
7006581142	7203071251	1	
7006581142	7402172077	1	
7006581142	16047737400	1	
7006581142	56410957700	1	
7006598190	7102645092	1	
7006598190	7102875119	1	
7006602658	7103123247	1	
7006602658	23396327300	1	
7006622421	7101736481	1	
7006622421	7102949196	1	
7006622421	7201847823	1	
7006724777	7102659562	1	
7006730152	14622343900	1	
7006732929	7201961714	1	
7006732929	55488001400	1	
7006732929	56731307700	1	
7006767616	36037012700	1	
7006787741	25923110500	1	
7006828349	7201589043	1	
7006828349	7202688275	1	
7006841486	7102888083	1	
7006841486	57053195400	1	
7006891872	55382185500	1	
7006892165	7201356965	1	
7006959917	7401595128	1	
7006959917	8666559700	1	
7006980393	24348048800	1	
7006981350	8663589500	1	
7006981350	55664771300	1	
7006981954	56963301700	1	
7007050019	26664700100	1	
7007058179	8711100700	1	
7007062770	7103299039	1	
7007062770	55474367500	1	
7007064036	36167298000	1	
7007068576	7407012375	1	
7007094071	15840553700	1	
7007094071	56488474100	1	
7007146506	22953072100	1	
7007146506	27967512700	1	
7007146506	36454281000	1	
7007146843	55463548900	1	
7007150966	7402781853	1	
7007152090	7102413157	1	
7007152090	15750005900	1	
7007183677	7201463807	1	
7101609907	7102237655	1	
7101612726	12781058100	1	
7101644466	7202968029	1	
7101674848	7101974168	1	
7101736481	7102949196	1	
7101736481	7201847823	1	
7101738221	7201377458	1	
7101738221	24528809200	1	
7101752462	36037012700	1	
7101752462	55653578600	1	
7101905670	16305592800	1	
7101905670	35391368100	1	
7101905670	54791944200	1	
7101905670	54792230000	1	
7101905670	54792326700	1	
7101974168	7102157409	1	
7101974168	35262057800	1	
7101999176	7202944710	1	
7101999176	8628618900	1	
7102025822	8572479500	1	
7102029714	25223921400	1	
7102056911	35501588100	1	
7102074464	7202320323	1	
7102079606	14059179200	1	
7102079606	26642955300	1	
7102118731	7202797059	1	
7102118731	12240341100	1	
7102118731	26321373100	1	
7102157409	35262057800	1	
7102395155	36041222400	1	
7102413157	7404316832	1	
7102413157	15750005900	1	
7102483411	24556419000	1	
7102515796	23471100000	1	
7102515796	56243047200	1	
7102548710	7402605385	1	
7102557197	7402605385	1	
7102569780	7402409397	1	
7102569780	9433398700	1	
7102615721	7401799217	1	
7102615721	8242110200	1	
7102615721	16401181100	1	
7102645092	7102875119	1	
7102645092	36601582500	1	
7102657559	7201363666	1	
7102657559	23866118600	1	
7102659562	16309617500	1	
7102659562	49561054200	1	
7102659562	55193432900	1	
7102672712	8643064700	1	
7102790528	35082133500	1	
7102791983	7103367295	1	
7102839169	23003901000	1	
7102839169	36990760500	1	
7102839169	51261158100	1	
7102875119	36601582500	1	
7102888601	7404749986	1	
7102888601	35269097300	1	
7102949196	7201847823	1	
7102997277	9237980100	1	
7103004725	11739172000	1	
7103045935	11640936600	1	
7103050396	8317570500	1	
7103050396	8912617600	1	
7103050396	14018133900	1	
7103050396	18134896800	1	
7103050396	56416580100	1	
7103065786	13908246400	1	
7103065786	55031452000	1	
7103097384	7401953860	1	
7103097384	24344540600	1	
7103110030	15840540400	1	
7103123247	10143812700	1	
7103123247	16027931800	1	
7103123247	23396327300	1	
7103123247	55246766200	1	
7103175808	8917921400	1	
7103175808	15069432100	1	
7103175808	55759248600	1	
7103228528	11739778600	1	
7103228528	35799637000	1	
7103228528	55500414800	1	
7103273637	23970686100	1	
7103381193	7202489032	1	
7103412351	7203014287	1	
7103412351	24077896400	1	
7103412351	56352797900	1	
7103413149	36673497500	1	
7103413149	55121719000	1	
7103413149	56266068800	1	
7201363666	23866118600	1	
7201398314	7201555732	1	
7201398314	7202229758	1	
7201398314	7403373824	1	
7201427823	35546487200	1	
7201441882	23670172700	1	
7201477470	39863576100	1	
7201544352	16190557100	1	
7201555732	7202229758	1	
7201555732	7403373824	1	
7201589043	7202688275	1	
7201589050	35795912200	1	
7201803297	55397805500	1	
7201961714	55488001400	1	
7201969579	40160927000	1	
7202229758	7403373824	1	
7202237255	23006658500	1	
7202247060	7202256432	1	
7202317328	35620873200	1	
7202320323	55704267300	1	
7202508239	23971361500	1	
7202508239	55386092100	1	
7202523747	8945608700	1	
7202524433	8147269900	1	
7202524433	9248993100	1	
7202603961	56213146300	1	
7202648809	15758808800	1	
7202648809	23012924700	1	
7202648809	55957107700	1	
7202670672	55661752300	1	
7202670672	56258090400	1	
7202797059	26321373100	1	
7202930325	15765760900	1	
7202944710	8628618900	1	
7202968029	24173309900	1	
7202971338	36657289400	1	
7203014287	56352797900	1	
7203071251	7402172077	1	
7203071251	16047737400	1	
7203071251	56410957700	1	
7401449424	25422390300	1	
7401595128	8666559700	1	
7401743864	35513093100	1	
7401743864	56066325000	1	
7401799217	16401181100	1	
7401953860	24344540600	1	
7401994245	55238869000	1	
7402172077	16047737400	1	
7402172077	56410957700	1	
7402204673	7402924750	1	
7402204673	7404782351	1	
7402204673	10142188800	1	
7402222358	55472605100	1	
7402363193	35448456500	1	
7402363193	36522325700	1	
7402409397	9433398700	1	
7402572200	35073824600	1	
7402572200	55476235600	1	
7402572200	55728217700	1	
7402623968	35083648000	1	
7402648087	56568839200	1	
7402693215	15769909000	1	
7402695451	23027574700	1	
7402781853	8555606800	1	
7402781853	35303178200	1	
7402899348	13605356600	1	
7402899348	16238308400	1	
7402899348	35493082200	1	
7402899348	55644003934	1	
7402924750	7404782351	1	
7402924750	10142188800	1	
7402946297	7403484501	1	
7403197330	12798910500	1	
7403199865	8091938600	1	
7403201727	23767459000	1	
7403375239	12768267800	1	
7403375239	23491992800	1	
7403558854	23491993300	1	
7403891425	35552191200	1	
7404080538	37030890400	1	
7404749986	35269097300	1	
7404782351	10142188800	1	
7406654548	12775622400	1	
7406654548	13409491200	1	
7406813308	8877122600	1	
7407715018	16047737400	1	
7407715018	56410957700	1	
7408418303	35206257800	1	
7501826573	14015779300	1	
7501826573	56981758400	1	
7801460742	55893790600	1	
8317570500	8912617600	1	
8317570500	14018133900	1	
8317570500	18134896800	1	
8317570500	56416580100	1	
8534063200	30267724400	1	
8534063200	35215230600	1	
8534063200	35216602300	1	
8544854300	15519204900	1	
8555606800	35303178200	1	
8663589500	55664771300	1	
8718284000	34573717400	1	
8718284000	35589123400	1	
8836130200	22033484600	1	
8836130200	25942750500	1	
8836132500	36086064800	1	
8898245400	55463548900	1	
8912617600	14018133900	1	
8912617600	18134896800	1	
8912617600	56416580100	1	
8917921400	8917922000	1	
8917921400	15069432100	1	
8917921400	55759248600	1	
8917922000	55759248600	1	
8924119700	36811507300	1	
8983376400	55118072100	1	
9739159000	55547134962	1	
9742361700	55536052300	1	
9940941000	26030966000	1	
9940941000	26323522500	1	
9940941000	40661828600	1	
10143812700	16027931800	1	
10143812700	55246766200	1	
12775622400	13409491200	1	
12797891000	35581695700	1	
12797891000	37666492900	1	
13605356600	35493082200	1	
13908246400	55031452000	1	
14012356200	15041790900	1	
14012356200	56488474100	1	
14015779300	56981758400	1	
14018133900	18134896800	1	
14018133900	56416580100	1	
14830083600	55911941600	1	
14830083600	56270355500	1	
14919060800	35760459800	1	
15041790900	56488474100	1	
15069432100	55759248600	1	
15070281500	24469102300	1	
15739411100	24773500300	1	
15739411100	55945363800	1	
15758808800	23012924700	1	
15758808800	55957107700	1	
15839410500	56235307600	1	
16047585400	36470382400	1	
16047585400	55477759100	1	
16047737400	56410957700	1	
16047747900	56235307600	1	
16305592800	35391368100	1	
16305592800	54791944200	1	
16305592800	54792230000	1	
16305592800	54792326700	1	
16309617500	55193432900	1	
16424728500	26642955300	1	
18041872100	55205682600	1	
18041872100	56060929100	1	
18134896800	37031942200	1	
18134896800	56416580100	1	
22033484600	25942750500	1	
22634096700	22958226200	1	
22634096700	57062621600	1	
22958226200	57062621600	1	
23012924700	55957107700	1	
23092759400	55477387200	1	
23100931600	24828815600	1	
23112702700	24576903900	1	
23134439700	36047173900	1	
23134439700	54790555300	1	
23471100000	56243047200	1	
23486780300	55205682600	1	
23486780300	56060929100	1	
23493532800	26022008500	1	
23493532800	55663739700	1	
23493532800	56229231800	1	
23971361500	55386092100	1	
23994680200	35361856800	1	
24766131800	55205682600	1	
24766131800	56060929100	1	
24773500300	55945363800	1	
24822964100	55637847000	1	
25960876000	36126524300	1	
26022008500	55663739700	1	
26022008500	56229231800	1	
26030966000	26323522500	1	
26030966000	40661828600	1	
26323522500	40661828600	1	
26867949500	35518184300	1	
30267724400	35215230600	1	
30267724400	35216602300	1	
33467923200	35215765500	1	
34573717400	35589123400	1	
35073824600	55476235600	1	
35073824600	55728217700	1	
35215230600	35216602300	1	
35233066800	56311696200	1	
35306454400	56962745200	1	
35391368100	54791944200	1	
35391368100	54792230000	1	
35391368100	54792326700	1	
35448456500	36522325700	1	
35480394500	55741067300	1	
35482342100	56496677700	1	
35482342100	56532556200	1	
35509603200	36040250900	1	
35557662000	55475221500	1	
35581695700	37666492900	1	
35602549900	55636320635	1	
35799637000	55500414800	1	
36037012700	55653578600	1	
36047173900	54790555300	1	
36470382400	55477759100	1	
36523885900	56273636100	1	
36607977700	56962745200	1	
36850333000	56208125700	1	
36850333000	56715077900	1	
36917003600	53866199400	1	
36917003600	55238869000	1	
36917003600	56270355500	1	
36990760500	51261158100	1	
53866199400	55238869000	1	
53866199400	56270355500	1	
54791944200	54792230000	1	
54791944200	54792326700	1	
54792230000	54792326700	1	
55205682600	56060929100	1	
55238869000	56270355500	1	
55491311300	55674197700	1	
55574194096	56348218200	1	
55661752300	56258090400	1	
55663739700	56229231800	1	
55911941600	56270355500	1	
56208125700	56715077900	1	
56410957700	57139703800	1	
56496677700	56532556200	1	
6504447524	6603298974	0	
6504631937	55644003934	0	
6504720954	35518184300	0	
6505587849	7102256591	0	
6505848825	6602070791	0	
6505848825	7003765725	0	
6505848825	7004219172	0	
6505848825	7007134059	0	
6505848825	15519204900	0	
6505848825	55664771300	0	
6505904119	7004842292	0	
6505904119	7006602658	0	
6505904119	7103123247	0	
6505943257	8544413200	0	
6506105375	7005457249	0	
6506105375	35510788500	0	
6506155026	7006198578	0	
6506155026	26643128700	0	
6506323532	6602493276	0	
6506323532	6603858126	0	
6506323532	7501903821	0	
6506323532	7801585789	0	
6506340186	36601582500	0	
6506374764	7004580978	0	
6506374764	8548516000	0	
6506374764	12770396000	0	
6506416489	6603694044	0	
6506470686	6602773067	0	
6506470686	7003690513	0	
6506470686	7003817212	0	
6506470686	7102452245	0	
6506470686	7404080538	0	
6506489967	6602456354	0	
6506489967	25723287200	0	
6506565778	6507217069	0	
6506813546	7004343937	0	
6506883599	16303398100	0	
6506914936	6701742256	0	
6506914936	7004735860	0	
6506914936	7102079606	0	
6507191469	56244961600	0	
6507238466	6701816183	0	
6507302807	7004546498	0	
6507302807	8972534100	0	
6507324905	7003383655	0	
6507373460	7401743864	0	
6507373460	23391940700	0	
6507373460	35513093100	0	
6507549292	6603419344	0	
6507549292	7201477470	0	
6507549292	39863576100	0	
6507669111	6602696386	0	
6507669111	6701788765	0	
6507669111	7102615721	0	
6507669111	7401799217	0	
6507669111	7402398883	0	
6507669111	16401181100	0	
6507799752	7003327753	0	
6507799752	7006219601	0	
6507799752	7102515796	0	
6507799752	23471100000	0	
6507799752	56243047200	0	
6507922816	7003870500	0	
6507922816	7006238724	0	
6507922816	15730693500	0	
6508167343	7801473197	0	
6508180081	7103065786	0	
6508233683	7403375239	0	
6508233683	12768267800	0	
6508233683	55637847000	0	
6601921039	6603918555	0	
6601921039	7003622015	0	
6601921039	7403375239	0	
6601921039	35448456500	0	
6601953294	6701347944	0	
6601953294	7006124434	0	
6601953294	55463548900	0	
6601981263	7202770145	0	
6602070791	7007134059	0	
6602070791	7007146506	0	
6602070791	22953072100	0	
6602070791	55664771300	0	
6602083362	7202997285	0	
6602166936	6603419344	0	
6602166936	39863576100	0	
6602251405	7103045935	0	
6602251405	7201441882	0	
6602251405	55118072100	0	
6602312423	7102079606	0	
6602312423	54407361600	0	
6602317244	7004011979	0	
6602317244	23768336700	0	
6602357719	7007061840	0	
6602357719	7101782212	0	
6602357719	7103110030	0	
6602357719	15840540400	0	
6602373723	7005129740	0	
6602381067	34572176500	0	
6602456354	12143739400	0	
6602456354	25723287200	0	
6602493276	6603858126	0	
6602493276	7102615721	0	
6602493276	7501903821	0	
6602493276	7801585789	0	
6602493276	8242110200	0	
6602493276	36875904800	0	
6602493276	55118072100	0	
6602519476	8839215100	0	
6602536293	6603419344	0	
6602536293	6701759489	0	
6602536293	7005645719	0	
6602536293	7201803297	0	
6602536293	14026134600	0	
6602536293	39863576100	0	
6602536293	55397805500	0	
6602564073	7003870500	0	
6602572467	7006478950	0	
6602572467	15048482400	0	
6602576519	7405442386	0	
6602593938	7102118731	0	
6602650600	7006458343	0	
6602661721	16047747900	0	
6602678322	6701762071	0	
6602678322	35789703700	0	
6602678322	36900343100	0	
6602696386	7402398883	0	
6602697491	7102074464	0	
6602697491	55704267300	0	
6602752617	7004397544	0	
6602752617	7404903557	0	
6602752617	25637600600	0	
6602770895	7005465297	0	
6602770895	7103215858	0	
6602770895	14071552500	0	
6602773067	7003690513	0	
6602773067	7006494073	0	
6602909483	7102395155	0	
6603031758	23065981600	0	
6603039413	55118072100	0	
6603075473	7003383655	0	
6603309370	15840540400	0	
6603309370	56831427800	0	
6603312926	7007050019	0	
6603325378	7006124434	0	
6603379369	7408418303	0	
6603379369	35206257800	0	
6603419344	7005509332	0	
6603419344	7102657559	0	
6603419344	7201363666	0	
6603419344	23866118600	0	
6603463493	14830083600	0	
6603463493	23095967500	0	
6603463493	55911941600	0	
6603551649	7005351868	0	
6603551649	7202670672	0	
6603636935	7006500064	0	
6603663597	8206133100	0	
6603685405	54790555300	0	
6603714197	7101609907	0	
6603714197	39762111800	0	
6603740234	22940492900	0	
6603758079	7003288176	0	
6603758079	7004401582	0	
6603758079	7006198663	0	
6603787921	55072683900	0	
6603837007	7404311965	0	
6603858126	7102355745	0	
6603858126	7403039407	0	
6603858126	7801585789	0	
6603858126	55180868700	0	
6603873430	6701502529	0	
6603885039	7201377458	0	
6603918555	7003622015	0	
6603918555	7005624004	0	
6603918555	18134896800	0	
6604035521	7003725116	0	
6604053821	6701529134	0	
6604063431	7007131465	0	
6604063431	7202489032	0	
6604087198	7004278284	0	
6604087198	7202300513	0	
6604087198	23989944000	0	
6701315496	56894633200	0	
6701347944	7004230696	0	
6701347944	7006124434	0	
6701347944	55463548900	0	
6701402315	56238506800	0	
6701480760	35406650200	0	
6701483692	7201441882	0	
6701483692	55729607500	0	
6701502529	56238765200	0	
6701529134	7004120416	0	
6701529134	7004986644	0	
6701529134	7403558854	0	
6701529134	23491993300	0	
6701535060	16303398100	0	
6701542831	7004375258	0	
6701598339	7402946297	0	
6701610818	7403413176	0	
6701657642	7006388111	0	
6701657642	35932102100	0	
6701710656	7410012234	0	
6701710656	8663589500	0	
6701724148	55954425700	0	
6701727765	7005691850	0	
6701727765	26023774000	0	
6701742256	7102079606	0	
6701759489	7005509332	0	
6701762071	6701785052	0	
6701762071	35789703700	0	
6701762071	36900343100	0	
6701776585	8532972400	0	
6701776585	35370839400	0	
6701776585	56250219400	0	
6701800381	7103194745	0	
6701816183	7006161183	0	
6701857075	7003693242	0	
6701857075	15765760900	0	
7003280413	7102888601	0	
7003280413	7404749986	0	
7003280413	35269097300	0	
7003288176	7004401582	0	
7003288176	7006198663	0	
7003290676	7006463850	0	
7003296167	7007064036	0	
7003296167	35565271400	0	
7003327753	7102515796	0	
7003327753	23096634500	0	
7003327753	23471100000	0	
7003327753	56243047200	0	
7003330133	36523626300	0	
7003338267	13406867000	0	
7003383655	7004297127	0	
7003383655	7601530902	0	
7003383655	35602549900	0	
7003496664	7004021432	0	
7003496664	7103004725	0	
7003507552	7005991922	0	
7003556495	17135901600	0	
7003590166	7003650441	0	
7003590166	7004951250	0	
7003610778	7003637871	0	
7003622015	18134896800	0	
7003625875	7801460742	0	
7003625875	26643603500	0	
7003625875	55893790600	0	
7003637871	7004768202	0	
7003637871	7007088574	0	
7003637871	7407012375	0	
7003650441	7004951250	0	
7003654380	14919060800	0	
7003660662	34975087600	0	
7003688239	7004149745	0	
7003688239	8614519800	0	
7003688239	8912617600	0	
7003688239	35918127600	0	
7003688239	36850333000	0	
7003690513	7006494073	0	
7003690513	7404080538	0	
7003693242	7005351868	0	
7003725116	7004080203	0	
7003725116	7004517839	0	
7003725116	7006152331	0	
7003725116	7006245680	0	
7003725116	18134896800	0	
7003725116	23098106900	0	
7003725116	23392686800	0	
7003725116	35576436600	0	
7003725116	54926589600	0	
7003725116	56232359700	0	
7003736659	7004230215	0	
7003736659	7005794374	0	
7003736659	7102074464	0	
7003794629	8574668200	0	
7003794629	23392686800	0	
7003817212	7102452245	0	
7003857404	7006354808	0	
7003857404	7103045935	0	
7003857404	7201441882	0	
7003870500	7005473282	0	
7003870500	7201969579	0	
7003870500	40160927000	0	
7003908635	36463390200	0	
7003999017	7004080203	0	
7003999017	23392686800	0	
7003999017	35576436600	0	
7004006430	35434276500	0	
7004011979	23768336700	0	
7004011979	35546487200	0	
7004011979	55463548900	0	
7004021432	7006304840	0	
7004021432	7401743864	0	
7004021432	25942750500	0	
7004021432	35513093100	0	
7004042121	35464598700	0	
7004045049	7007094071	0	
7004045049	15840553700	0	
7004045049	56623994700	0	
7004076083	7006841486	0	
7004076083	57053195400	0	
7004080203	7004672634	0	
7004080203	22634096700	0	
7004080203	35576436600	0	
7004080203	57062621600	0	
7004084109	8877122600	0	
7004085574	17135901600	0	
7004094833	7005473282	0	
7004094833	35932102100	0	
7004120416	7102839169	0	
7004132918	7403375239	0	
7004132918	55732317300	0	
7004149745	8912617600	0	
7004152939	7102790528	0	
7004152939	7202968029	0	
7004156524	7102657559	0	
7004156524	23866118600	0	
7004221679	7005690283	0	
7004221679	7006825969	0	
7004230696	7201398314	0	
7004230696	7201555732	0	
7004230696	7202229758	0	
7004230696	7403373824	0	
7004230696	35600851100	0	
7004275432	7004573128	0	
7004275432	7404784213	0	
7004278284	7202300513	0	
7004278284	17135901600	0	
7004278284	23989944000	0	
7004279953	7102949196	0	
7004297127	7006359164	0	
7004297127	35602549900	0	
7004304914	7004804200	0	
7004304914	7005603820	0	
7004304914	7103412351	0	
7004304914	7103413149	0	
7004304914	7203014287	0	
7004304914	9043346900	0	
7004341223	7006458343	0	
7004373162	7102157409	0	
7004373162	35262057800	0	
7004375258	7102228612	0	
7004397544	25637600600	0	
7004401582	7006198663	0	
7004413420	7201589050	0	
7004413420	7402946297	0	
7004413420	36196927000	0	
7004426564	7005822572	0	
7004454996	7402946297	0	
7004456136	7103194745	0	
7004517839	25723287200	0	
7004546498	7004676417	0	
7004546498	7103120387	0	
7004546498	8972534100	0	
7004557817	7403547748	0	
7004557817	26540762500	0	
7004561393	8053124900	0	
7004573128	7202106706	0	
7004573128	15759948400	0	
7004580978	8548516000	0	
7004580978	12770396000	0	
7004600415	56894633200	0	
7004638374	7006364103	0	
7004672634	23392686800	0	
7004672634	35576436600	0	
7004672634	54926589600	0	
7004735860	7102079606	0	
7004758558	14032004300	0	
7004768202	7407012375	0	
7004804200	7005041518	0	
7004804200	7005603820	0	
7004804200	7103412351	0	
7004804200	7203014287	0	
7004804200	9043346900	0	
7004804200	36794924600	0	
7004842292	7005872604	0	
7004926277	7006348787	0	
7004926277	7402398883	0	
7004951250	7006463850	0	
7004951250	7102515796	0	
7004951250	14047073600	0	
7004951250	18134896800	0	
7004951250	23096634500	0	
7004993010	7202523747	0	
7004993010	7501826573	0	
7004993010	8945608700	0	
7005041518	7007094071	0	
7005041518	7103333118	0	
7005041518	15840553700	0	
7005041518	17342282600	0	
7005041518	35492295700	0	
7005069650	7005768480	0	
7005089269	7006981954	0	
7005089269	7402946297	0	
7005089269	7403484501	0	
7005129740	7006963909	0	
7005129740	7103375509	0	
7005212227	7202926101	0	
7005243970	7007062770	0	
7005243970	7103299039	0	
7005337794	7102933900	0	
7005337794	15021120400	0	
7005337794	36041222400	0	
7005351868	7202930325	0	
7005465297	7102226140	0	
7005505169	7005521043	0	
7005505169	7404756487	0	
7005508221	8912617600	0	
7005509332	7005645719	0	
7005509332	7006072851	0	
7005509332	7201363666	0	
7005509332	7201477470	0	
7005509332	14026134600	0	
7005509332	39863576100	0	
7005515220	7102228612	0	
7005521043	7103004725	0	
7005521043	7404756487	0	
7005521043	35552191200	0	
7005521043	55965509500	0	
7005543061	7201377458	0	
7005576405	35799637000	0	
7005603820	7203014287	0	
7005603820	9043346900	0	
7005646932	7005794374	0	
7005654856	7006787741	0	
7005654856	7404080538	0	
7005654856	37030890400	0	
7005670190	15070281500	0	
7005670190	24469102300	0	
7005670190	56266429700	0	
7005691850	7201576485	0	
7005691850	7404176673	0	
7005691850	26023774000	0	
7005734918	7006473234	0	
7005736654	55205682600	0	
7005747404	57053593000	0	
7005768480	7202237255	0	
7005768480	7406654548	0	
7005769227	7402987614	0	
7005822572	7202062965	0	
7005822572	7403934176	0	
7005832728	7006354808	0	
7005832728	8572479500	0	
7005833979	7102068059	0	
7005833979	7202203221	0	
7005833979	35241344600	0	
7005848460	7103375509	0	
7005953845	8532972400	0	
7005953845	55965509500	0	
7005972539	55574194096	0	
7005991922	7006068993	0	
7005991922	7103351925	0	
7006010107	13806661900	0	
7006023128	12772874700	0	
7006065000	36037012700	0	
7006124434	55463548900	0	
7006124434	55665875300	0	
7006152331	18134896800	0	
7006202373	7202300513	0	
7006202373	7402001557	0	
7006219601	7102515796	0	
7006219601	23096634500	0	
7006219601	23471100000	0	
7006219601	56243047200	0	
7006286207	10143812700	0	
7006286207	16027931800	0	
7006304840	7401743864	0	
7006304840	35513093100	0	
7006317297	57053593000	0	
7006338821	7006598190	0	
7006338821	7102875119	0	
7006338821	23391940700	0	
7006338821	34975087600	0	
7006354808	7103045935	0	
7006354808	7201441882	0	
7006357059	7102839169	0	
7006359164	35602549900	0	
7006364103	35565348900	0	
7006364103	56347049600	0	
7006420049	8912617600	0	
7006420049	36850333000	0	
7006458343	7201589050	0	
7006463850	23100931600	0	
7006463850	36047173900	0	
7006470104	8328719800	0	
7006478950	15048482400	0	
7006517904	56266429700	0	
7006521400	7103021053	0	
7006521400	7201619461	0	
7006521400	18134896800	0	
7006563381	7402693215	0	
7006563381	15769909000	0	
7006581142	57139703800	0	
7006598190	34975087600	0	
7006598190	36601582500	0	
7006602658	10143812700	0	
7006602658	16027931800	0	
7006602658	55246766200	0	
7006608722	8053124900	0	
7006619776	7102881729	0	
7006765066	8268605100	0	
7006767616	7101752462	0	
7006767616	16190557100	0	
7006767616	55653578600	0	
7006781333	7007150966	0	
7006781333	7202770145	0	
7006781333	7402781853	0	
7006781333	7403547748	0	
7006781333	26540762500	0	
7006787741	7102056911	0	
7006787741	35501588100	0	
7006828349	7202997285	0	
7006868096	7102543245	0	
7006885362	36811507300	0	
7006891872	8875452700	0	
7006963909	7102068059	0	
7006963909	7103375509	0	
7006980393	36544122500	0	
7006981350	23112702700	0	
7006981954	7402946297	0	
7006981954	7403484501	0	
7007050019	7408418303	0	
7007061840	7101782212	0	
7007061840	7103110030	0	
7007061840	15840540400	0	
7007088574	23566905700	0	
7007094071	14919060800	0	
7007094071	56238765200	0	
7007094071	56623994700	0	
7007131465	7202489032	0	
7007134059	55664771300	0	
7007141762	7102068059	0	
7007141762	7202203221	0	
7007146506	7102543245	0	
7007150966	7202770145	0	
7007150966	7403547748	0	
7007150966	26540762500	0	
7101609907	55902203700	0	
7101612726	23110269700	0	
7101612726	55205682600	0	
7101674848	7102157409	0	
7101674848	35262057800	0	
7101752462	16190557100	0	
7101782212	15840540400	0	
7101974168	7403413176	0	
7101999176	54407361600	0	
7102013918	7201576485	0	
7102013918	7404176673	0	
7102056911	7404080538	0	
7102056911	7404115272	0	
7102056911	37030890400	0	
7102068059	7103375509	0	
7102068059	7201503414	0	
7102079606	16424728500	0	
7102226140	14071552500	0	
7102256591	7102543245	0	
7102256591	25825549800	0	
7102355745	7403039407	0	
7102355745	7501903821	0	
7102355745	24821920900	0	
7102355745	55180868700	0	
7102395155	56211121300	0	
7102413157	7401743864	0	
7102413157	7405442386	0	
7102415947	7203014287	0	
7102415947	35464598700	0	
7102515796	23096634500	0	
7102515796	36672894400	0	
7102543245	25825549800	0	
7102548710	8532972400	0	
7102548710	55965509500	0	
7102615721	8576293200	0	
7102615721	8983376400	0	
7102615721	36875904800	0	
7102615721	55118072100	0	
7102615721	55500499500	0	
7102672712	7103289472	0	
7102839169	7403558854	0	
7102839169	35459098300	0	
7102860169	25960876000	0	
7102860169	36126524300	0	
7102875119	8836130200	0	
7102875119	22033484600	0	
7102875119	25942750500	0	
7102875119	34975087600	0	
7102933900	15021120400	0	
7102933900	36041222400	0	
7102972485	7401660725	0	
7103023821	35518184300	0	
7103045935	7201441882	0	
7103045935	55118072100	0	
7103120387	8972534100	0	
7103176729	36236934800	0	
7103194745	55734261100	0	
7103273637	54407349800	0	
7103289472	8643064700	0	
7103412351	9043346900	0	
7103413149	55231577800	0	
7201377458	24528809200	0	
7201398314	35725593700	0	
7201437287	35602909900	0	
7201441882	11640936600	0	
7201441882	36009669000	0	
7201441882	55118072100	0	
7201441882	55729607500	0	
7201463807	36463390200	0	
7201503414	55463548900	0	
7201555732	35725593700	0	
7201576485	7404176673	0	
7201589043	7202997285	0	
7201589050	36196927000	0	
7201619461	18134896800	0	
7201803297	14026134600	0	
7202062965	7403934176	0	
7202106706	15759948400	0	
7202130826	18134896800	0	
7202209456	8292171500	0	
7202229758	35725593700	0	
7202237255	7404784213	0	
7202237255	7406654548	0	
7202237255	15728521600	0	
7202300513	7402001557	0	
7202300513	7402572200	0	
7202300513	7403375239	0	
7202300513	23989944000	0	
7202300513	55728217700	0	
7202317328	35279863900	0	
7202603961	56266429700	0	
7202648809	55127281100	0	
7202674608	14032004300	0	
7202688275	7202997285	0	
7202770145	7402001557	0	
7202770145	7402781853	0	
7202770145	7403547748	0	
7202770145	26540762500	0	
7202926101	7402204673	0	
7202926101	7402924750	0	
7202926101	7404782351	0	
7202926101	8866509500	0	
7202926101	10142188800	0	
7202926101	35552191200	0	
7202944710	54407361600	0	
7202997285	26642955300	0	
7203014287	9043346900	0	
7203071251	7404554796	0	
7401743864	7404316832	0	
7401743864	7405442386	0	
7401743864	25942750500	0	
7401884369	13411378700	0	
7402137863	35482342100	0	
7402137863	56496677700	0	
7402137863	56532556200	0	
7402172077	57139703800	0	
7402204673	35552191200	0	
7402465870	35434195600	0	
7402623968	7403558854	0	
7402695451	7403375239	0	
7402695451	14122995300	0	
7402695451	38461431400	0	
7402695451	55546514600	0	
7402781853	7403547748	0	
7402781853	26540762500	0	
7402924750	35552191200	0	
7402946297	56963301700	0	
7402987614	7404521048	0	
7403039407	7501903821	0	
7403039407	55180868700	0	
7403077705	56270355500	0	
7403373824	35725593700	0	
7403375239	9739159000	0	
7403375239	10240970300	0	
7403375239	14012356200	0	
7403375239	18134896800	0	
7403375239	25031538900	0	
7403375239	34768906000	0	
7403375239	55546514600	0	
7403375239	55547134962	0	
7403375239	55637847000	0	
7403375239	55732317300	0	
7403375239	56623994700	0	
7403413176	8534063200	0	
7403413176	30267724400	0	
7403413176	35215230600	0	
7403413176	35216602300	0	
7403547748	26540762500	0	
7403558854	35083301600	0	
7404316832	7405442386	0	
7404782351	35552191200	0	
7404784213	7406654548	0	
7404784213	12775622400	0	
7404784213	13409491200	0	
7404903557	25637600600	0	
7406869132	35354030100	0	
7406869132	36037012700	0	
7410012234	8663589500	0	
7410012234	15062921200	0	
7501826573	57053593000	0	
7501903821	7801585789	0	
7501903821	55180868700	0	
7801473197	56266429700	0	
8053124900	35434276500	0	
8147269900	9248993100	0	
8242110200	36875904800	0	
8242110200	55500499500	0	
8292171500	35344606200	0	
8532972400	35370839400	0	
8532972400	55965509500	0	
8548516000	12770396000	0	
8574668200	12785303300	0	
8574668200	23392686800	0	
8581387400	35602909900	0	
8614519800	8912617600	0	
8628618900	54407361600	0	
8645294600	35600851100	0	
8663589500	15062921200	0	
8725110300	23065981600	0	
8877122600	24833036600	0	
8912617600	36850333000	0	
8912617600	56208125700	0	
8924119700	12244634700	0	
9739159000	56623994700	0	
10142188800	35552191200	0	
10143812700	23396327300	0	
10240970300	14012356200	0	
12244634700	36811507300	0	
12768267800	25031538900	0	
12768267800	55637847000	0	
12770396000	35556044500	0	
12775622400	15759948400	0	
12781058100	23110269700	0	
12781058100	55205682600	0	
12797891000	17134196300	0	
14012356200	17346408800	0	
14012356200	56623994700	0	
14026134600	55397805500	0	
14830083600	23095967500	0	
14830083600	36917003600	0	
14830083600	53866199400	0	
14830083600	55238869000	0	
14919060800	15840553700	0	
15021120400	36041222400	0	
15051490700	35551901900	0	
15070281500	56266429700	0	
15728521600	35517179900	0	
15750005900	35552191200	0	
15839410500	27171618500	0	
15839410500	36861599500	0	
15840540400	56831427800	0	
15840553700	56238765200	0	
15840553700	56488474100	0	
15840553700	56623994700	0	
16027931800	23396327300	0	
16047585400	36672950500	0	
16190557100	36037012700	0	
16425664400	56211121300	0	
17135901600	24279929400	0	
17346408800	56623994700	0	
18035031300	55180868700	0	
18134896800	35176747200	0	
18134896800	56232359700	0	
21739430000	55463548900	0	
22634096700	23392686800	0	
22634096700	35576436600	0	
22634096700	54926589600	0	
22940492900	55574194096	0	
22940492900	56348218200	0	
22958226200	54926589600	0	
23003901000	35459098300	0	
23027574700	38461431400	0	
23027574700	56488474100	0	
23027574700	56623994700	0	
23095433900	36047173900	0	
23095967500	55911941600	0	
23095967500	56270355500	0	
23096634500	36672894400	0	
23110269700	55205682600	0	
23112702700	55118072100	0	
23392686800	35576436600	0	
23392686800	57062621600	0	
23486780300	24766131800	0	
23491992800	34768906000	0	
23491992800	55732317300	0	
23670172700	36009669000	0	
23670172700	55118072100	0	
23994680200	35602549900	0	
24348048800	36544122500	0	
24469102300	56266429700	0	
24576903900	55118072100	0	
24759275000	34572176500	0	
25031538900	55637847000	0	
25942750500	35513093100	0	
26535963800	36047173900	0	
26642955300	35799637000	0	
27171618500	36861599500	0	
27171618500	56235307600	0	
33467923200	53867334300	0	
34768906000	56493346600	0	
35215765500	53867334300	0	
35354030100	36037012700	0	
35361856800	35602549900	0	
35370839400	55965509500	0	
35546487200	55463548900	0	
35565348900	56347049600	0	
35576436600	57062621600	0	
35600851100	36672590200	0	
35602549900	56363315000	0	
35725925000	36672590200	0	
35789703700	36900343100	0	
36009669000	55118072100	0	
36041222400	56211121300	0	
36127407400	55536052300	0	
36470382400	36672950500	0	
36523204600	36523626300	0	
36672950500	55477759100	0	
36673497500	55231577800	0	
36673497500	56266068800	0	
36861599500	56235307600	0	
36875904800	55500499500	0	
36879681900	55463548900	0	
36917003600	55911941600	0	
53866199400	55911941600	0	
54926589600	57062621600	0	
55231577800	56266068800	0	
55238869000	55911941600	0	
55409106600	55732317300	0	
55476235600	55728217700	0	
55547134962	56623994700	0	
56213146300	56266429700	0	
56238765200	56623994700	0	
56981758400	57053593000	0	
